date,open,close,high,low,volume,money
2005-01-04,2.28,2.08,2.28,2.08,11141033.0,23911428.0
2005-01-05,2.05,2.12,2.13,2.01,7606337.0,15739549.0
2005-01-06,2.09,2.06,2.11,2.05,4478839.0,9262177.0
2005-01-07,2.06,2.1,2.18,2.06,5827378.0,12325456.0
2005-01-10,2.09,2.14,2.15,2.08,3498060.0,7460572.0
2005-01-11,2.14,2.14,2.15,2.11,2997154.0,6382076.0
2005-01-12,2.14,2.12,2.14,2.09,2306241.0,4859774.0
2005-01-13,2.1,2.14,2.15,2.08,4305790.0,9107399.0
2005-01-14,2.14,2.12,2.21,2.11,6619249.0,14304643.0
2005-01-17,2.1,2.04,2.1,2.02,4380215.0,8988607.0
2005-01-18,2.01,2.09,2.11,2.01,2351980.0,4872015.0
2005-01-19,2.09,2.11,2.12,2.06,3563227.0,7471065.0
2005-01-20,2.12,2.15,2.16,2.09,5657669.0,12041557.0
2005-01-21,2.15,2.25,2.31,2.07,14186153.0,31399530.0
2005-01-24,2.29,2.25,2.32,2.24,9682450.0,21982379.0
2005-01-25,2.23,2.27,2.29,2.19,6851508.0,15316704.0
2005-01-26,2.25,2.21,2.27,2.2,4473345.0,9998698.0
2005-01-27,2.19,2.1,2.21,2.09,5392614.0,11536433.0
2005-01-28,2.1,2.06,2.11,2.05,3085694.0,6404650.0
2005-01-31,2.06,1.98,2.06,1.97,3862810.0,7788367.0
2005-02-01,1.96,1.96,2.02,1.95,2789622.0,5534842.0
2005-02-02,1.96,2.16,2.16,1.96,11099836.0,23388283.0
2005-02-03,2.17,2.19,2.28,2.12,19850544.0,43823343.0
2005-02-04,2.18,2.26,2.31,2.11,15262270.0,33970692.0
2005-02-16,2.3,2.23,2.3,2.23,7385567.0,16582360.0
2005-02-17,2.22,2.23,2.27,2.18,7258931.0,16207158.0
2005-02-18,2.23,2.17,2.25,2.16,4419385.0,9702732.0
2005-02-21,2.17,2.17,2.17,2.17,0.0,0.0
2005-02-22,2.23,2.28,2.32,2.2,14197073.0,32180386.0
2005-02-23,2.32,2.27,2.35,2.27,12641524.0,29131621.0
2005-02-24,2.27,2.42,2.48,2.23,21428639.0,50736039.0
2005-02-25,2.4,2.37,2.46,2.37,17015768.0,41007462.0
2005-02-28,2.37,2.34,2.39,2.32,6181607.0,14498467.0
2005-03-01,2.34,2.36,2.41,2.34,6699766.0,15906517.0
2005-03-02,2.36,2.27,2.4,2.26,6706970.0,15617733.0
2005-03-03,2.27,2.27,2.3,2.22,8125311.0,18309774.0
2005-03-04,2.27,2.27,2.29,2.23,3920254.0,8869025.0
2005-03-07,2.29,2.26,2.3,2.24,2943373.0,6659933.0
2005-03-08,2.26,2.33,2.34,2.25,6289231.0,14440792.0
2005-03-09,2.33,2.36,2.36,2.29,7216456.0,16797830.0
2005-03-10,2.39,2.27,2.4,2.26,7264038.0,16920528.0
2005-03-11,2.27,2.27,2.3,2.24,3302453.0,7487939.0
2005-03-14,2.27,2.19,2.27,2.15,6633469.0,14537157.0
2005-03-15,2.19,2.14,2.21,2.13,4616715.0,9981279.0
2005-03-16,2.16,2.17,2.2,2.14,2857190.0,6206148.0
2005-03-17,2.2,2.06,2.2,2.06,4903342.0,10286191.0
2005-03-18,2.09,2.07,2.09,2.03,2830852.0,5823265.0
2005-03-21,2.07,2.09,2.09,2.04,1942128.0,4014688.0
2005-03-22,2.08,1.98,2.08,1.98,2883092.0,5805710.0
2005-03-23,1.98,1.98,2.03,1.93,3549150.0,7033342.0
2005-03-24,1.96,2.02,2.03,1.96,2114218.0,4238008.0
2005-03-25,2.02,2.0,2.03,1.99,1930697.0,3874171.0
2005-03-28,2.01,2.0,2.01,1.95,1733286.0,3421079.0
2005-03-29,2.0,2.03,2.06,1.98,4241863.0,8605883.0
2005-03-30,2.03,1.93,2.03,1.92,4182450.0,8241263.0
2005-03-31,1.92,1.96,1.98,1.89,3020845.0,5870238.0
2005-04-01,1.91,2.02,2.06,1.9,5685612.0,11227185.0
2005-04-04,2.0,1.95,2.0,1.94,3946168.0,7777688.0
2005-04-05,1.92,1.9,1.96,1.89,2360243.0,4533204.0
2005-04-06,1.9,1.87,1.92,1.77,8667334.0,15961646.0
2005-04-07,1.87,1.92,2.03,1.83,9409942.0,18252363.0
2005-04-08,1.93,1.94,1.95,1.89,5478261.0,10523217.0
2005-04-11,1.94,1.96,2.0,1.92,6263302.0,12293726.0
2005-04-12,1.97,1.9,1.98,1.89,3942572.0,7660173.0
2005-04-13,1.91,1.99,2.04,1.91,8689127.0,17252765.0
2005-04-14,1.99,1.97,2.06,1.97,8342622.0,16798158.0
2005-04-15,1.96,1.89,1.96,1.87,4232347.0,8069901.0
2005-04-18,1.86,1.87,1.9,1.85,2172136.0,4050989.0
2005-04-19,1.87,1.89,1.9,1.85,1946047.0,3657578.0
2005-04-20,1.88,1.82,1.89,1.81,3319012.0,6090233.0
2005-04-21,1.83,1.77,1.83,1.77,4110308.0,7350643.0
2005-04-22,1.77,1.74,1.8,1.73,2494285.0,4393050.0
2005-04-25,1.74,1.71,1.77,1.67,3840484.0,6580444.0
2005-04-26,1.69,1.73,1.76,1.69,2551084.0,4409582.0
2005-04-27,1.76,1.7,1.77,1.7,1868418.0,3241694.0
2005-04-28,1.69,1.77,1.78,1.65,4503346.0,7799344.0
2005-04-29,1.75,1.72,1.75,1.7,3570135.0,6168484.0
2005-05-09,1.72,1.62,1.74,1.61,2532776.0,4243726.0
2005-05-10,1.61,1.64,1.67,1.57,3426893.0,5547031.0
2005-05-11,1.64,1.59,1.65,1.58,2399303.0,3857672.0
2005-05-12,1.59,1.6,1.63,1.57,3624084.0,5793362.0
2005-05-13,1.59,1.64,1.65,1.58,3838892.0,6221070.0
2005-05-16,1.64,1.61,1.64,1.58,2274789.0,3648838.0
2005-05-17,1.61,1.65,1.69,1.59,6145303.0,10174836.0
2005-05-18,1.65,1.67,1.67,1.64,3334907.0,5531323.0
2005-05-19,1.67,1.67,1.68,1.63,2919038.0,4847019.0
2005-05-20,1.67,1.64,1.67,1.63,2483018.0,4092478.0
2005-05-23,1.63,1.61,1.64,1.59,2717849.0,4390285.0
2005-05-24,1.59,1.66,1.68,1.58,4244444.0,6997004.0
2005-05-25,1.66,1.73,1.81,1.66,13289226.0,23003896.0
2005-05-26,1.72,1.7,1.73,1.69,3497571.0,5975374.0
2005-05-27,1.69,1.75,1.78,1.69,8351580.0,14606937.0
2005-05-30,1.77,1.79,1.81,1.75,7087548.0,12651519.0
2005-05-31,1.79,1.77,1.84,1.77,7740684.0,13912354.0
2005-06-01,1.78,1.72,1.79,1.72,3975970.0,6897609.0
2005-06-02,1.72,1.76,1.76,1.71,3443742.0,5962298.0
2005-06-03,1.74,1.7,1.76,1.69,3362399.0,5790529.0
2005-06-06,1.69,1.71,1.72,1.63,4592001.0,7711663.0
2005-06-07,1.7,1.74,1.78,1.7,6951394.0,12154579.0
2005-06-08,1.73,1.87,1.9,1.73,15298453.0,28065650.0
2005-06-09,1.85,1.91,1.98,1.83,15437238.0,29287212.0
2005-06-10,1.91,1.97,2.0,1.86,22142930.0,43064021.0
2005-06-13,1.95,2.01,2.05,1.9,17452647.0,34862624.0
2005-06-14,2.02,1.98,2.03,1.97,12720422.0,25389499.0
2005-06-15,1.96,1.91,1.96,1.9,10793999.0,20742491.0
2005-06-16,1.9,1.99,2.0,1.9,6929366.0,13438992.0
2005-06-17,1.99,1.98,1.99,1.95,4373939.0,8646010.0
2005-06-20,1.98,2.04,2.06,1.94,6132253.0,12361433.0
2005-06-21,1.97,1.98,2.05,1.97,4468275.0,8963834.0
2005-06-22,1.96,1.97,2.01,1.94,2327551.0,4579262.0
2005-06-23,1.97,1.92,1.99,1.91,2047408.0,3988719.0
2005-06-24,1.91,1.96,1.97,1.9,2646958.0,5115722.0
2005-06-27,1.96,2.15,2.15,1.95,21230969.0,44945760.0
2005-06-28,2.15,2.15,2.15,2.15,0.0,0.0
2005-06-29,2.1,2.07,2.14,2.06,6462493.0,13534939.0
2005-06-30,2.05,2.06,2.1,2.03,3823279.0,7881346.0
2005-07-01,2.05,2.04,2.06,2.01,3384860.0,6889963.0
2005-07-04,2.01,2.08,2.11,1.97,5300657.0,10814766.0
2005-07-05,2.1,2.06,2.1,2.03,2424695.0,4993443.0
2005-07-06,2.05,2.07,2.11,2.03,3758985.0,7808290.0
2005-07-07,2.07,2.04,2.07,1.98,2516315.0,5097920.0
2005-07-08,2.02,2.0,2.03,1.99,4503846.0,9056616.0
2005-07-11,2.01,1.94,2.05,1.91,2015129.0,3969857.0
2005-07-12,1.93,2.05,2.13,1.9,6478471.0,13325239.0
2005-07-13,2.04,2.09,2.13,2.04,4037430.0,8454139.0
2005-07-14,2.07,2.07,2.12,2.05,1455240.0,3020762.0
2005-07-15,2.06,2.06,2.1,2.05,1199795.0,2480171.0
2005-07-18,2.07,2.08,2.08,2.04,1413185.0,2919833.0
2005-07-19,2.05,2.08,2.12,2.05,746468.0,1549989.0
2005-07-20,2.06,2.12,2.13,2.06,1774347.0,3735002.0
2005-07-21,2.1,2.13,2.15,2.09,1587789.0,3377778.0
2005-07-22,2.15,2.16,2.21,2.13,4160880.0,9053713.0
2005-07-25,2.16,2.14,2.18,2.12,3450085.0,7410371.0
2005-07-26,2.14,2.12,2.16,2.09,4069425.0,8645390.0
2005-07-27,2.12,2.2,2.23,2.09,7494322.0,16353195.0
2005-07-28,2.2,2.19,2.21,2.16,4039308.0,8793731.0
2005-07-29,2.18,2.18,2.18,2.15,2464711.0,5345709.0
2005-08-01,2.18,2.21,2.22,2.18,2933766.0,6454285.0
2005-08-02,2.21,2.28,2.29,2.2,7643943.0,17320128.0
2005-08-03,2.29,2.23,2.35,2.22,8627088.0,19747022.0
2005-08-04,2.22,2.18,2.25,2.18,3557777.0,7856796.0
2005-08-05,2.18,2.29,2.29,2.18,5982066.0,13470182.0
2005-08-08,2.29,2.29,2.29,2.29,0.0,0.0
2005-08-09,2.29,2.29,2.29,2.29,0.0,0.0
2005-08-10,2.29,2.29,2.29,2.29,0.0,0.0
2005-08-11,2.48,2.35,2.48,2.29,14727116.0,34368235.0
2005-08-12,2.4,2.58,2.58,2.4,22287153.0,57304987.0
2005-08-15,2.84,2.79,2.84,2.7,75681248.0,210203641.0
2005-08-16,2.75,2.67,2.76,2.67,19316751.0,52327000.0
2005-08-17,2.65,2.94,2.94,2.64,29507856.0,82602757.0
2005-08-18,3.13,3.0,3.24,2.97,51609020.0,162584358.0
2005-08-19,3.13,3.21,3.27,3.01,33130522.0,105001141.0
2005-08-22,3.21,3.07,3.21,2.99,15676876.0,48369276.0
2005-08-23,3.04,2.8,3.04,2.79,22716833.0,64870503.0
2005-08-24,2.79,2.89,2.95,2.72,19404987.0,55485981.0
2005-08-25,2.88,2.93,2.95,2.84,13512445.0,39149223.0
2005-08-26,2.93,2.86,2.94,2.84,11326314.0,32631875.0
2005-08-29,2.83,2.72,2.83,2.67,11510613.0,31609387.0
2005-08-30,2.7,2.73,2.81,2.66,9814843.0,26832361.0
2005-08-31,2.71,2.72,2.75,2.63,10952530.0,29482483.0
2005-09-01,2.7,2.79,2.8,2.66,13887962.0,38234364.0
2005-09-02,2.79,3.0,3.07,2.73,28627914.0,83494701.0
2005-09-05,2.95,2.95,3.04,2.91,15766127.0,46823931.0
2005-09-06,2.95,2.95,3.07,2.91,18564271.0,55225664.0
2005-09-07,2.96,3.03,3.1,2.96,19763562.0,59963191.0
2005-09-08,3.03,2.97,3.07,2.94,11439797.0,34210630.0
2005-09-09,2.95,2.89,2.98,2.88,8700404.0,25424753.0
2005-09-12,2.89,2.83,2.89,2.79,7266722.0,20581144.0
2005-09-13,2.83,2.89,2.9,2.83,7199889.0,20573338.0
2005-09-14,2.9,2.99,3.03,2.86,16043502.0,47122549.0
2005-09-15,3.02,3.01,3.06,2.99,16012355.0,48419961.0
2005-09-16,2.99,2.95,3.0,2.94,6325723.0,18733602.0
2005-09-19,2.93,2.95,2.99,2.89,6365004.0,18738242.0
2005-09-20,2.95,2.88,2.96,2.86,10495151.0,30367350.0
2005-09-21,2.86,2.75,2.88,2.74,12250281.0,34318545.0
2005-09-22,2.75,2.83,2.96,2.74,14094409.0,40290418.0
2005-09-23,2.84,2.67,2.85,2.66,7270545.0,19906013.0
2005-09-26,2.67,2.68,2.71,2.59,4780484.0,12649751.0
2005-09-27,2.68,2.59,2.68,2.58,4432141.0,11597555.0
2005-09-28,2.58,2.56,2.61,2.54,3635603.0,9368877.0
2005-09-29,2.56,2.63,2.65,2.56,4726411.0,12380038.0
2005-09-30,2.65,2.58,2.67,2.57,5214876.0,13508966.0
2005-10-10,2.59,2.65,2.7,2.57,6330863.0,16749133.0
2005-10-11,2.63,2.71,2.72,2.6,7058210.0,18930153.0
2005-10-12,2.71,2.7,2.73,2.68,5712790.0,15459338.0
2005-10-13,2.72,2.62,2.72,2.62,5374199.0,14231531.0
2005-10-14,2.62,2.47,2.62,2.45,9418521.0,23755900.0
2005-10-17,2.44,2.51,2.54,2.35,9069369.0,22139102.0
2005-10-18,2.48,2.44,2.49,2.4,6104328.0,14928345.0
2005-10-19,2.43,2.46,2.52,2.42,7345147.0,18251785.0
2005-10-20,2.45,2.54,2.56,2.42,10731621.0,27044188.0
2005-10-21,2.54,2.57,2.63,2.53,9646566.0,24912199.0
2005-10-24,2.58,2.61,2.63,2.56,6336630.0,16469126.0
2005-10-25,2.63,2.59,2.65,2.52,7824089.0,20231348.0
2005-10-26,2.59,2.59,2.63,2.56,7388118.0,19161538.0
2005-10-27,2.59,2.56,2.59,2.53,7572094.0,19381040.0
2005-10-28,2.54,2.48,2.56,2.4,6031056.0,14813754.0
2005-10-31,2.44,2.46,2.53,2.43,2995175.0,7423415.0
2005-11-01,2.46,2.37,2.46,2.33,2443698.0,5825742.0
2005-11-02,2.38,2.43,2.44,2.37,3189459.0,7699600.0
2005-11-03,2.43,2.38,2.43,2.37,3438495.0,8250481.0
2005-11-04,2.37,2.4,2.42,2.34,2511739.0,5983086.0
2005-11-07,2.39,2.42,2.42,2.36,1916833.0,4602047.0
2005-11-08,2.42,2.52,2.52,2.39,7062916.0,17522798.0
2005-11-09,2.49,2.53,2.54,2.49,5787108.0,14554224.0
2005-11-10,2.51,2.48,2.52,2.48,5164218.0,12899392.0
2005-11-11,2.45,2.53,2.53,2.42,3967093.0,9858968.0
2005-11-14,2.51,2.51,2.52,2.48,1506823.0,3762276.0
2005-11-15,2.5,2.52,2.54,2.49,1875209.0,4730258.0
2005-11-16,2.52,2.54,2.54,2.48,2760994.0,6928236.0
2005-11-17,2.54,2.59,2.61,2.54,5307612.0,13749003.0
2005-11-18,2.56,2.63,2.65,2.56,5804694.0,15193022.0
2005-11-21,2.62,2.61,2.62,2.59,2890750.0,7530065.0
2005-11-22,2.61,2.61,2.61,2.61,0.0,0.0
2005-11-23,2.57,2.57,2.58,2.51,2259433.0,5760095.0
2005-11-24,2.57,2.54,2.6,2.53,1499848.0,3849283.0
2005-11-25,2.54,2.54,2.55,2.52,1184147.0,3002876.0
2005-11-28,2.54,2.51,2.56,2.47,2916262.0,7278075.0
2005-11-29,2.49,2.48,2.51,2.48,1536081.0,3826042.0
2005-11-30,2.48,2.5,2.5,2.46,1301783.0,3229998.0
2005-12-01,2.49,2.52,2.52,2.47,1000056.0,2493668.0
2005-12-02,2.51,2.47,2.52,2.47,1898624.0,4727717.0
2005-12-05,2.47,2.47,2.47,2.47,0.0,0.0
2005-12-06,2.47,2.47,2.47,2.47,0.0,0.0
2005-12-07,2.47,2.47,2.47,2.47,0.0,0.0
2005-12-08,2.47,2.47,2.47,2.47,0.0,0.0
2005-12-09,2.47,2.47,2.47,2.47,0.0,0.0
2005-12-12,2.47,2.47,2.47,2.47,0.0,0.0
2005-12-13,2.47,2.47,2.47,2.47,0.0,0.0
2005-12-14,2.47,2.47,2.47,2.47,0.0,0.0
2005-12-15,2.62,2.66,2.72,2.58,16835337.0,45092815.0
2005-12-16,2.62,2.71,2.71,2.62,10758966.0,28905559.0
2005-12-19,2.71,2.66,2.71,2.65,4910906.0,13101552.0
2005-12-20,2.67,2.68,2.69,2.65,2180735.0,5810858.0
2005-12-21,2.67,2.64,2.69,2.63,6184078.0,16478980.0
2005-12-22,2.63,2.67,2.67,2.6,2674568.0,7073186.0
2005-12-23,2.66,2.67,2.69,2.65,2956959.0,7873026.0
2005-12-26,2.68,2.72,2.74,2.67,5491514.0,14934409.0
2005-12-27,2.72,2.71,2.75,2.69,5477835.0,14916178.0
2005-12-28,2.71,2.72,2.75,2.71,5147972.0,14055419.0
2005-12-29,2.72,2.8,2.81,2.71,10077667.0,27719260.0
2005-12-30,2.81,2.76,2.81,2.75,5443945.0,15126813.0
2006-01-04,2.76,2.76,2.76,2.76,0.0,0.0
2006-01-05,2.76,2.76,2.76,2.76,0.0,0.0
2006-01-06,2.76,2.76,2.76,2.76,0.0,0.0
2006-01-09,2.76,2.76,2.76,2.76,0.0,0.0
2006-01-10,2.76,2.76,2.76,2.76,0.0,0.0
2006-01-11,2.76,2.76,2.76,2.76,0.0,0.0
2006-01-12,2.76,2.76,2.76,2.76,0.0,0.0
2006-01-13,2.76,2.76,2.76,2.76,0.0,0.0
2006-01-16,2.76,2.76,2.76,2.76,0.0,0.0
2006-01-17,2.76,2.76,2.76,2.76,0.0,0.0
2006-01-18,2.76,2.76,2.76,2.76,0.0,0.0
2006-01-19,2.76,2.76,2.76,2.76,0.0,0.0
2006-01-20,2.76,2.76,2.76,2.76,0.0,0.0
2006-01-23,2.76,2.76,2.76,2.76,0.0,0.0
2006-01-24,2.76,2.76,2.76,2.76,0.0,0.0
2006-01-25,2.76,2.76,2.76,2.76,0.0,0.0
2006-02-06,2.76,2.76,2.76,2.76,0.0,0.0
2006-02-07,2.76,2.76,2.76,2.76,0.0,0.0
2006-02-08,2.76,2.76,2.76,2.76,0.0,0.0
2006-02-09,2.76,2.76,2.76,2.76,0.0,0.0
2006-02-10,2.76,2.76,2.76,2.76,0.0,0.0
2006-02-13,2.76,2.76,2.76,2.76,0.0,0.0
2006-02-14,3.12,3.22,3.34,3.09,18988989.0,61375628.0
2006-02-15,3.22,3.21,3.32,3.2,8532760.0,27898895.0
2006-02-16,3.21,3.14,3.21,3.14,7477600.0,23666082.0
2006-02-17,3.14,3.04,3.15,3.02,5296333.0,16252761.0
2006-02-20,3.01,3.11,3.14,3.0,4494172.0,13831990.0
2006-02-21,3.09,3.12,3.12,3.03,3399480.0,10487467.0
2006-02-22,3.13,3.2,3.25,3.13,6235458.0,19961075.0
2006-02-23,3.2,3.26,3.29,3.13,6818820.0,21989201.0
2006-02-24,3.24,3.23,3.27,3.2,4167986.0,13481445.0
2006-02-27,3.23,3.16,3.27,3.16,2984557.0,9546588.0
2006-02-28,3.15,3.2,3.23,3.08,3702611.0,11664316.0
2006-03-01,3.2,3.21,3.23,3.17,4708428.0,15088153.0
2006-03-02,3.2,3.11,3.23,3.09,4933416.0,15660857.0
2006-03-03,3.09,3.05,3.17,3.01,8431550.0,25778069.0
2006-03-06,3.07,3.04,3.09,3.03,2233704.0,6832228.0
2006-03-07,3.06,2.93,3.06,2.91,3689992.0,10965707.0
2006-03-08,2.93,2.89,2.95,2.85,3587310.0,10332308.0
2006-03-09,2.89,2.92,2.97,2.85,3944225.0,11581495.0
2006-03-10,2.96,3.01,3.06,2.93,4697153.0,14110133.0
2006-03-13,3.0,3.17,3.18,2.98,14368148.0,44795057.0
2006-03-14,3.15,3.14,3.18,3.09,3463159.0,10858122.0
2006-03-15,3.12,3.18,3.21,3.12,5498386.0,17469456.0
2006-03-16,3.2,3.21,3.26,3.17,7617492.0,24604077.0
2006-03-17,3.21,3.15,3.23,3.13,3690337.0,11737802.0
2006-03-20,3.15,3.16,3.18,3.07,2791823.0,8707255.0
2006-03-21,3.17,3.12,3.19,3.1,3585765.0,11217914.0
2006-03-22,3.11,3.19,3.2,3.11,3838188.0,12155451.0
2006-03-23,3.2,3.26,3.31,3.18,10168584.0,33124716.0
2006-03-24,3.23,3.32,3.39,3.22,11279987.0,37530976.0
2006-03-27,3.3,3.34,3.41,3.29,5041628.0,16893611.0
2006-03-28,3.35,3.36,3.38,3.29,4856077.0,16203211.0
2006-03-29,3.36,3.39,3.42,3.36,6598752.0,22372518.0
2006-03-30,3.38,3.26,3.38,3.26,5027381.0,16634426.0
2006-03-31,3.26,3.28,3.29,3.19,3262065.0,10553060.0
2006-04-03,3.28,3.36,3.37,3.21,6761758.0,22146826.0
2006-04-04,3.36,3.53,3.53,3.3,10279603.0,35567446.0
2006-04-05,3.53,3.56,3.6,3.48,8257016.0,29356389.0
2006-04-06,3.58,3.62,3.67,3.51,9473563.0,34071943.0
2006-04-07,3.62,3.59,3.64,3.53,3878369.0,13929130.0
2006-04-10,3.57,3.81,3.9,3.51,8876412.0,33229199.0
2006-04-11,3.79,3.92,3.99,3.79,10065991.0,39349980.0
2006-04-12,3.94,3.79,3.94,3.76,4215825.0,16101718.0
2006-04-13,3.78,3.67,3.9,3.64,7248703.0,27486130.0
2006-04-14,3.67,3.93,3.99,3.55,7102328.0,26666699.0
2006-04-17,3.93,3.86,4.08,3.82,5196287.0,20434243.0
2006-04-18,3.87,3.78,3.93,3.76,5189815.0,19885231.0
2006-04-19,3.71,3.7,3.76,3.63,5297422.0,19531128.0
2006-04-20,3.7,3.65,3.79,3.62,3736018.0,13737866.0
2006-04-21,3.65,3.68,3.76,3.54,5097829.0,18624859.0
2006-04-24,3.69,3.48,3.74,3.45,9302520.0,32972856.0
2006-04-25,3.47,3.42,3.53,3.34,5120511.0,17699568.0
2006-04-26,3.59,3.76,3.76,3.57,2704739.0,10149096.0
2006-04-27,3.86,3.9,4.05,3.81,15093261.0,59294729.0
2006-04-28,3.81,3.9,4.04,3.71,15244658.0,58987269.0
2006-05-08,3.9,4.19,4.23,3.9,14343778.0,59311744.0
2006-05-09,4.2,4.37,4.54,4.17,11526570.0,50438434.0
2006-05-10,4.38,4.43,4.5,4.21,9741383.0,42405305.0
2006-05-11,4.43,4.26,4.46,4.25,10756374.0,46740802.0
2006-05-12,4.19,4.43,4.44,4.08,16740274.0,70975224.0
2006-05-15,4.49,4.63,4.69,4.43,18506291.0,84260873.0
2006-05-16,4.58,4.34,4.8,4.32,14991187.0,67576460.0
2006-05-17,4.34,4.48,4.58,4.34,11750398.0,52372140.0
2006-05-18,4.44,4.44,4.5,4.32,5459962.0,24119866.0
2006-05-19,4.45,4.48,4.6,4.4,9288270.0,41953635.0
2006-05-22,4.48,4.65,4.69,4.41,11598461.0,53027330.0
2006-05-23,4.57,4.38,4.62,4.3,11063479.0,48772566.0
2006-05-24,4.41,4.14,4.47,4.05,6680299.0,28214510.0
2006-05-25,4.15,4.2,4.21,4.02,4847554.0,19990727.0
2006-05-26,4.2,4.34,4.37,4.14,7679994.0,32907709.0
2006-05-29,4.37,4.43,4.43,4.26,5166152.0,22537647.0
2006-05-30,4.44,4.56,4.65,4.36,11461701.0,52155450.0
2006-05-31,4.58,4.93,5.02,4.55,32235935.0,158107133.0
2006-06-01,4.9,5.13,5.27,4.75,19688452.0,100352750.0
2006-06-02,5.16,4.91,5.19,4.91,12019246.0,60475408.0
2006-06-05,4.92,5.06,5.15,4.92,4916418.0,24656288.0
2006-06-06,5.06,5.18,5.42,4.98,8672317.0,45344679.0
2006-06-07,5.18,4.72,5.18,4.66,8842805.0,43056342.0
2006-06-08,4.69,4.96,4.99,4.63,8050316.0,39054312.0
2006-06-09,4.91,4.77,5.01,4.71,5648369.0,27552080.0
2006-06-12,4.74,4.75,4.77,4.57,3304293.0,15483593.0
2006-06-13,4.75,4.73,4.8,4.66,3247580.0,15405277.0
2006-06-14,4.69,4.82,4.83,4.69,5222811.0,24924975.0
2006-06-15,4.84,5.11,5.13,4.84,8583880.0,42952417.0
2006-06-16,5.15,5.16,5.27,4.99,6932142.0,35369238.0
2006-06-19,5.04,5.13,5.22,5.03,4732864.0,24342582.0
2006-06-20,5.16,5.22,5.29,5.05,5994662.0,31000915.0
2006-06-21,5.22,5.08,5.22,5.07,4006311.0,20522297.0
2006-06-22,5.08,4.99,5.13,4.97,4412948.0,22181722.0
2006-06-23,4.96,5.11,5.16,4.93,4438346.0,22440888.0
2006-06-26,5.11,5.29,5.39,5.06,6140147.0,32349346.0
2006-06-27,5.29,5.26,5.35,5.21,3852514.0,20252671.0
2006-06-28,5.2,5.57,5.6,5.2,9019680.0,49247323.0
2006-06-29,5.57,5.57,5.57,5.57,0.0,0.0
2006-06-30,5.66,5.57,5.83,5.37,7895887.0,43868767.0
2006-07-03,5.57,5.76,5.88,5.52,5681483.0,32496762.0
2006-07-04,5.78,5.65,5.83,5.6,4018960.0,22969795.0
2006-07-05,5.65,5.67,5.76,5.5,4332231.0,24421742.0
2006-07-06,5.68,5.84,5.85,5.63,4642214.0,26829064.0
2006-07-07,5.8,6.0,6.12,5.8,4845744.0,29235292.0
2006-07-10,5.97,6.16,6.28,5.97,4606280.0,28453466.0
2006-07-11,6.24,6.48,6.54,6.06,5264032.0,32850825.0
2006-07-12,6.52,6.38,6.64,6.32,5446758.0,35175418.0
2006-07-13,6.36,6.05,6.36,5.74,10779951.0,65024745.0
2006-07-14,5.89,6.02,6.17,5.89,4355086.0,26434023.0
2006-07-17,5.92,6.11,6.14,5.89,3759109.0,22777864.0
2006-07-18,6.11,6.02,6.15,5.93,2034947.0,12190174.0
2006-07-19,6.02,5.65,6.02,5.49,6058426.0,34565990.0
2006-07-20,5.6,5.71,5.75,5.51,3572221.0,20150154.0
2006-07-21,5.69,5.81,5.92,5.68,2092257.0,12241752.0
2006-07-24,5.69,5.81,5.83,5.57,2565758.0,14575752.0
2006-07-25,5.73,5.8,5.92,5.73,3449324.0,20168652.0
2006-07-26,5.84,5.82,5.91,5.63,4336289.0,25009807.0
2006-07-27,5.78,6.03,6.07,5.68,6199109.0,36482630.0
2006-07-28,5.95,6.17,6.18,5.83,6614020.0,40221392.0
2006-07-31,6.12,5.75,6.15,5.58,4841538.0,28358702.0
2006-08-01,5.63,5.66,5.85,5.63,3386817.0,19456190.0
2006-08-02,5.62,5.39,5.72,5.33,3927421.0,21446817.0
2006-08-03,5.43,5.44,5.55,5.32,2220325.0,12143190.0
2006-08-04,5.46,5.18,5.55,5.15,2549175.0,13521003.0
2006-08-07,5.06,4.98,5.23,4.98,3140558.0,15887993.0
2006-08-08,4.98,5.12,5.14,4.98,1654930.0,8413775.0
2006-08-09,5.13,5.12,5.17,5.05,1339955.0,6824631.0
2006-08-10,5.12,5.34,5.34,5.08,1697181.0,8864095.0
2006-08-11,5.34,5.4,5.44,5.26,2134389.0,11476834.0
2006-08-14,5.37,5.24,5.43,5.15,2172418.0,11460011.0
2006-08-15,5.21,5.42,5.5,5.16,3320590.0,17879356.0
2006-08-16,5.42,5.8,5.97,5.42,4854169.0,27838209.0
2006-08-17,5.74,5.78,5.84,5.69,2297777.0,13224223.0
2006-08-18,5.75,5.74,5.81,5.71,1578382.0,9082174.0
2006-08-21,5.62,5.92,5.97,5.5,2773146.0,16058630.0
2006-08-22,5.94,5.88,6.05,5.87,2365937.0,14166631.0
2006-08-23,5.87,5.92,5.94,5.81,1824142.0,10718338.0
2006-08-24,5.86,5.81,5.94,5.78,2369595.0,13802377.0
2006-08-25,5.89,5.81,5.89,5.75,1975169.0,11497743.0
2006-08-28,5.87,6.15,6.15,5.78,4931522.0,29656668.0
2006-08-29,6.16,6.09,6.42,6.07,5144086.0,32034623.0
2006-08-30,6.08,6.12,6.16,6.01,2025609.0,12325312.0
2006-08-31,6.11,6.13,6.21,6.06,1755645.0,10735963.0
2006-09-01,6.13,5.93,6.18,5.88,2434760.0,14573209.0
2006-09-04,5.92,5.94,6.0,5.87,1489928.0,8832699.0
2006-09-05,5.94,5.86,5.96,5.79,2383815.0,13903636.0
2006-09-06,5.86,5.96,5.96,5.81,2102980.0,12414469.0
2006-09-07,5.94,5.81,5.94,5.79,1029273.0,6002717.0
2006-09-08,5.81,5.71,5.84,5.69,1510597.0,8693187.0
2006-09-11,5.73,5.71,5.73,5.5,1790173.0,10068092.0
2006-09-12,5.71,5.79,5.82,5.7,1227257.0,7072054.0
2006-09-13,5.79,5.66,5.87,5.63,1149497.0,6647409.0
2006-09-14,5.65,5.5,5.69,5.5,2585825.0,14358285.0
2006-09-15,5.52,5.73,5.78,5.52,2385222.0,13484297.0
2006-09-18,5.75,5.78,5.8,5.71,928791.0,5342724.0
2006-09-19,5.78,5.69,5.84,5.68,2277094.0,13062435.0
2006-09-20,5.68,5.6,5.68,5.55,3419678.0,19097259.0
2006-09-21,5.63,5.57,5.63,5.53,3270947.0,18201387.0
2006-09-22,5.57,5.43,5.57,5.37,4062580.0,22222918.0
2006-09-25,5.41,5.37,5.48,5.31,2259256.0,12183455.0
2006-09-26,5.35,5.32,5.37,5.21,3392602.0,17959624.0
2006-09-27,5.32,5.4,5.41,5.32,2596080.0,13968041.0
2006-09-28,5.41,5.47,5.53,5.41,3472265.0,19035346.0
2006-09-29,5.5,5.59,5.63,5.47,3941140.0,22024501.0
2006-10-09,5.65,5.62,5.72,5.57,5034509.0,28396385.0
2006-10-10,5.63,5.55,5.65,5.54,2585634.0,14475317.0
2006-10-11,5.55,5.44,5.59,5.42,3107096.0,17042429.0
2006-10-12,5.44,5.65,5.76,5.44,7725397.0,43281330.0
2006-10-13,5.62,5.75,5.77,5.58,7888723.0,44931113.0
2006-10-16,5.74,5.78,5.89,5.73,6302876.0,36629967.0
2006-10-17,5.75,5.63,5.75,5.62,2095655.0,11885892.0
2006-10-18,5.68,5.64,5.68,5.55,3141042.0,17503896.0
2006-10-19,5.69,5.68,5.73,5.55,2004857.0,11342679.0
2006-10-20,5.68,5.62,5.73,5.57,2032034.0,11531706.0
2006-10-23,5.58,5.44,5.65,5.41,1695812.0,9286089.0
2006-10-24,5.44,5.44,5.53,5.39,5565342.0,30167155.0
2006-10-25,5.47,5.17,5.5,5.16,14702676.0,77491462.0
2006-10-26,5.19,5.08,5.27,5.06,8137818.0,41857122.0
2006-10-27,5.09,5.0,5.13,4.93,6204090.0,30961076.0
2006-10-30,5.01,5.06,5.08,4.96,4024011.0,20165683.0
2006-10-31,5.06,5.06,5.07,5.0,3957253.0,19913430.0
2006-11-01,5.11,5.18,5.18,5.03,8456615.0,43195241.0
2006-11-02,5.18,5.06,5.2,5.05,4917033.0,25080693.0
2006-11-03,5.06,5.19,5.2,5.06,6869304.0,35557232.0
2006-11-06,5.18,5.33,5.4,5.11,9021772.0,47824098.0
2006-11-07,5.33,5.32,5.39,5.21,5639259.0,29957835.0
2006-11-08,5.27,5.11,5.31,5.1,5656657.0,29156571.0
2006-11-09,5.1,5.16,5.18,5.1,1940821.0,9983673.0
2006-11-10,5.18,5.01,5.18,4.97,6902703.0,34837150.0
2006-11-13,5.02,4.79,5.02,4.76,4006444.0,19529670.0
2006-11-14,4.76,4.81,4.85,4.63,3338078.0,15867323.0
2006-11-15,4.81,4.85,4.85,4.72,3018179.0,14476532.0
2006-11-16,4.85,4.8,4.95,4.76,4641709.0,22445444.0
2006-11-17,4.8,4.89,4.92,4.67,9105522.0,43935515.0
2006-11-20,4.9,4.96,4.98,4.8,6080914.0,29781197.0
2006-11-21,4.96,4.98,4.99,4.77,5445311.0,26594612.0
2006-11-22,4.98,5.14,5.15,4.92,8165134.0,41605914.0
2006-11-23,5.15,5.06,5.18,5.0,5785089.0,29311642.0
2006-11-24,5.06,5.06,5.1,5.0,2783241.0,14038602.0
2006-11-27,5.05,5.13,5.15,5.0,5532270.0,28022325.0
2006-11-28,5.13,5.09,5.18,5.08,4794924.0,24654066.0
2006-11-29,5.05,5.22,5.26,4.98,6266003.0,32382460.0
2006-11-30,5.26,5.53,5.68,5.26,14717467.0,80804586.0
2006-12-01,5.54,5.87,6.0,5.47,17205217.0,99066924.0
2006-12-04,5.91,6.32,6.34,5.91,15095190.0,94083257.0
2006-12-05,6.34,6.3,6.49,6.12,10334733.0,65014067.0
2006-12-06,6.28,5.97,6.28,5.76,8929716.0,53661371.0
2006-12-07,5.97,6.18,6.32,5.84,9424044.0,57646333.0
2006-12-08,5.91,5.68,6.12,5.67,8742110.0,51165035.0
2006-12-11,5.62,5.83,5.83,5.62,6648049.0,38053496.0
2006-12-12,5.84,5.62,5.91,5.57,9652809.0,54881387.0
2006-12-13,5.64,5.95,5.99,5.57,11171388.0,64857258.0
2006-12-14,5.96,6.25,6.39,5.92,20710395.0,129314825.0
2006-12-15,6.25,6.18,6.32,6.09,10650243.0,65982970.0
2006-12-18,6.25,6.17,6.33,6.1,14390385.0,89736015.0
2006-12-19,6.19,6.12,6.34,6.0,9489283.0,58344973.0
2006-12-20,6.15,6.65,6.73,6.12,21091547.0,137623621.0
2006-12-21,6.64,6.59,6.94,6.52,15697180.0,106204550.0
2006-12-22,6.52,6.68,6.86,6.43,8941687.0,59728115.0
2006-12-25,6.68,7.35,7.35,6.56,14302102.0,102568808.0
2006-12-26,7.48,7.54,7.76,7.28,10238571.0,77433487.0
2006-12-27,7.46,7.41,7.53,7.3,5186502.0,38461237.0
2006-12-28,7.48,7.5,7.96,7.33,5668942.0,43139498.0
2006-12-29,7.45,7.67,7.73,7.42,5676911.0,43008766.0
2007-01-04,7.74,8.16,8.43,7.73,11384940.0,94407293.0
2007-01-05,8.15,8.81,8.98,8.01,10225483.0,89523503.0
2007-01-08,8.75,8.97,9.47,8.75,6954337.0,63332542.0
2007-01-09,8.84,8.97,9.26,8.57,11459350.0,101322852.0
2007-01-10,8.97,8.9,9.08,8.65,9029325.0,79260069.0
2007-01-11,8.81,8.65,8.97,8.61,6756322.0,59051133.0
2007-01-12,8.57,8.19,8.78,8.04,5111083.0,43334227.0
2007-01-15,8.35,8.77,8.77,8.23,5549115.0,47407437.0
2007-01-16,8.81,8.66,8.95,8.48,6978975.0,60078578.0
2007-01-17,8.65,8.26,8.81,8.26,7393905.0,63272479.0
2007-01-18,8.26,8.43,8.56,7.98,6892018.0,56796787.0
2007-01-19,8.47,9.27,9.27,8.35,14654417.0,131983862.0
2007-01-22,9.45,9.51,9.71,9.21,13563430.0,128298751.0
2007-01-23,9.52,9.03,9.55,8.66,9609051.0,86961854.0
2007-01-24,9.0,8.87,9.02,8.71,9419708.0,83109187.0
2007-01-25,8.78,8.47,8.8,8.42,7063961.0,60345692.0
2007-01-26,8.22,8.59,8.6,7.74,7870146.0,63951861.0
2007-01-29,8.53,8.6,8.85,8.47,7982282.0,68874634.0
2007-01-30,8.6,8.5,8.8,8.47,6523490.0,56364369.0
2007-01-31,8.47,7.67,8.47,7.66,6221351.0,49899407.0
2007-02-01,7.67,7.46,7.79,7.12,5686122.0,42424065.0
2007-02-02,7.42,7.11,7.49,7.02,10143812.0,72471501.0
2007-02-05,7.11,7.6,7.67,7.05,16332438.0,119358669.0
2007-02-06,7.42,7.41,7.59,7.04,15274685.0,111088901.0
2007-02-07,7.45,7.48,7.72,7.37,16768935.0,125608410.0
2007-02-08,7.48,7.87,7.87,7.43,12369391.0,94761829.0
2007-02-09,7.79,7.73,7.96,7.71,7001852.0,54643020.0
2007-02-12,7.73,7.98,8.01,7.62,8583274.0,67501225.0
2007-02-13,8.03,8.04,8.13,7.84,6627169.0,53135706.0
2007-02-14,8.06,8.31,8.41,7.98,7822806.0,64497274.0
2007-02-15,8.32,8.71,8.81,8.24,10963356.0,94669688.0
2007-02-16,8.82,9.28,9.52,8.82,13960539.0,128270021.0
2007-02-26,9.33,9.03,9.34,8.83,9799166.0,88252760.0
2007-02-27,9.02,8.13,9.03,8.13,10744741.0,91503645.0
2007-02-28,7.73,8.3,8.41,7.61,12102078.0,96148092.0
2007-03-01,8.22,7.75,8.22,7.64,9258053.0,72783918.0
2007-03-02,7.76,7.87,7.95,7.69,7588278.0,59237248.0
2007-03-05,7.79,8.02,8.19,7.76,10740221.0,85822016.0
2007-03-06,8.02,7.92,8.02,7.76,3811861.0,30169952.0
2007-03-07,7.95,8.18,8.21,7.93,7903616.0,63944682.0
2007-03-08,8.21,8.22,8.29,8.08,5266860.0,43053833.0
2007-03-09,8.24,8.01,8.26,7.92,8064849.0,64679308.0
2007-03-12,7.96,7.78,7.97,7.61,10122918.0,78274976.0
2007-03-13,7.8,7.97,7.99,7.79,7292899.0,57572162.0
2007-03-14,7.98,7.81,7.98,7.67,5288095.0,41181273.0
2007-03-15,7.81,8.03,8.12,7.79,10161650.0,80839570.0
2007-03-16,8.01,7.73,8.03,7.66,10049691.0,78432717.0
2007-03-19,7.42,7.69,7.79,7.37,4843259.0,36955353.0
2007-03-20,7.72,7.79,7.9,7.72,5285629.0,41253164.0
2007-03-21,7.8,8.11,8.13,7.79,13502364.0,107248595.0
2007-03-22,8.16,8.11,8.24,7.99,14459439.0,117473973.0
2007-03-23,8.07,8.02,8.13,7.82,8692752.0,69653278.0
2007-03-26,8.09,8.39,8.39,8.09,15764163.0,130384874.0
2007-03-27,8.39,8.53,8.63,8.34,13040427.0,111170107.0
2007-03-28,8.53,8.33,8.56,8.04,12702332.0,105473021.0
2007-03-29,8.33,8.13,8.46,8.1,9806330.0,80993808.0
2007-03-30,8.07,8.24,8.28,8.06,5452053.0,44678188.0
2007-04-02,8.35,8.44,8.44,8.23,9056345.0,75607213.0
2007-04-03,8.5,8.61,8.69,8.48,13317417.0,114354827.0
2007-04-04,8.65,8.65,8.72,8.45,12200621.0,104854333.0
2007-04-05,8.7,8.74,8.74,8.5,12802378.0,110404723.0
2007-04-06,8.75,8.68,8.81,8.61,14351623.0,124916105.0
2007-04-09,8.71,8.66,8.76,8.62,16598514.0,144297410.0
2007-04-10,8.66,9.09,9.12,8.52,24139716.0,214008415.0
2007-04-11,9.06,9.13,9.2,8.9,18215642.0,164525352.0
2007-04-12,9.12,9.22,9.39,9.03,17838743.0,164820799.0
2007-04-13,9.16,9.28,9.49,9.0,16203154.0,151011896.0
2007-04-16,9.28,9.52,9.55,9.21,11925106.0,112819371.0
2007-04-17,9.57,9.37,9.67,9.03,12169010.0,113838208.0
2007-04-18,9.28,9.41,9.46,9.09,11917761.0,110376031.0
2007-04-19,9.4,8.68,9.4,8.47,12416768.0,111067723.0
2007-04-20,8.69,9.08,9.2,8.69,9179551.0,82629405.0
2007-04-23,9.17,9.42,9.46,9.17,12003984.0,112339772.0
2007-04-24,9.47,10.07,10.07,9.38,18049273.0,175913928.0
2007-04-25,9.99,10.05,10.44,9.72,16763329.0,169124972.0
2007-04-26,9.88,9.72,10.01,9.6,17435650.0,169766744.0
2007-04-27,9.73,9.59,9.78,9.27,17192601.0,163588127.0
2007-04-30,9.49,9.44,9.54,9.28,9440531.0,88876416.0
2007-05-08,9.56,9.83,9.89,9.41,15267401.0,147888030.0
2007-05-09,9.86,9.51,9.88,9.29,11338805.0,108656429.0
2007-05-10,9.54,9.76,9.89,9.28,14274872.0,137621034.0
2007-05-11,9.6,9.48,9.68,9.33,8327492.0,79127636.0
2007-05-14,9.33,9.7,9.79,9.28,13096556.0,126793168.0
2007-05-15,9.75,9.28,9.83,9.21,10376567.0,98725095.0
2007-05-16,9.28,9.42,9.46,9.18,7431418.0,69238332.0
2007-05-17,9.46,9.59,9.73,9.44,10396420.0,100075193.0
2007-05-18,9.59,9.83,9.96,9.57,17816261.0,173888971.0
2007-05-21,9.52,9.98,10.15,9.46,20026874.0,199437508.0
2007-05-22,10.07,10.18,10.43,10.07,21044923.0,215826824.0
2007-05-23,10.23,10.3,10.36,9.98,14025086.0,142955523.0
2007-05-24,10.33,9.91,10.38,9.71,12923512.0,128330450.0
2007-05-25,9.78,9.96,10.02,9.77,10803814.0,107050285.0
2007-05-28,10.02,10.39,10.42,9.9,18146798.0,184116570.0
2007-05-29,10.59,10.51,10.62,10.22,17515320.0,182975732.0
2007-05-30,9.77,9.46,10.21,9.46,14466921.0,141211622.0
2007-05-31,9.34,9.89,9.98,8.52,18740527.0,174734415.0
2007-06-01,9.75,9.23,9.95,9.15,12310156.0,119354636.0
2007-06-04,9.28,8.31,9.4,8.31,9354715.0,80640197.0
2007-06-05,7.95,8.46,8.46,7.48,8855925.0,69737855.0
2007-06-06,8.49,8.6,8.78,8.13,8425005.0,71823301.0
2007-06-07,8.6,8.72,8.74,8.5,11731122.0,101689264.0
2007-06-08,8.73,8.66,8.81,8.6,6854654.0,59481106.0
2007-06-11,8.63,8.75,8.93,8.6,8187694.0,71842738.0
2007-06-12,8.79,9.18,9.33,8.5,15129953.0,134572891.0
2007-06-13,9.23,9.46,9.59,9.1,14648827.0,137723221.0
2007-06-14,9.39,9.14,9.51,9.13,8162807.0,75641975.0
2007-06-15,9.04,9.12,9.26,8.87,5311376.0,48394872.0
2007-06-18,9.2,10.02,10.02,9.2,29380313.0,286640116.0
2007-06-19,10.08,10.33,10.51,10.01,25109585.0,260276024.0
2007-06-20,10.51,10.81,11.21,10.42,28479459.0,312871454.0
2007-06-21,10.88,10.57,11.13,10.39,10980091.0,117907257.0
2007-06-22,10.61,10.48,11.01,10.3,11697246.0,125057538.0
2007-06-25,10.48,10.48,10.48,10.48,0.0,0.0
2007-06-26,9.54,11.12,11.25,9.54,17553812.0,184254096.0
2007-06-27,11.18,11.14,11.74,11.07,12039951.0,136918030.0
2007-06-28,11.13,10.45,11.15,10.07,7710582.0,82908953.0
2007-06-29,10.08,10.13,10.51,9.78,6851495.0,69734056.0
2007-07-02,10.27,9.86,10.27,9.65,4102549.0,40705085.0
2007-07-03,9.93,10.29,10.55,9.93,4626631.0,47688150.0
2007-07-04,10.29,10.29,10.54,10.02,4138790.0,42807916.0
2007-07-05,9.91,9.28,10.17,9.28,5891696.0,56795058.0
2007-07-06,9.13,9.83,9.96,8.9,6668899.0,63421946.0
2007-07-09,9.99,10.44,10.52,9.68,7690848.0,77925849.0
2007-07-10,10.36,9.96,10.38,9.89,3805320.0,38268944.0
2007-07-11,9.91,10.17,10.23,9.78,2857918.0,28872168.0
2007-07-12,10.17,10.27,10.38,10.06,2891798.0,29585365.0
2007-07-13,10.33,10.62,10.7,10.27,5998216.0,63234690.0
2007-07-16,10.62,10.12,10.8,9.9,3344686.0,34981448.0
2007-07-17,9.97,10.39,10.48,9.97,2725426.0,27999270.0
2007-07-18,10.4,10.48,10.73,10.24,5875062.0,61774860.0
2007-07-19,10.3,10.32,10.46,10.17,2484891.0,25529435.0
2007-07-20,10.31,10.73,10.8,10.21,8604677.0,90948000.0
2007-07-23,10.7,11.31,11.45,10.69,12990454.0,144929697.0
2007-07-24,11.33,11.28,11.75,11.2,13523581.0,154995030.0
2007-07-25,11.27,11.36,11.48,11.04,13788119.0,154518235.0
2007-07-26,11.4,11.62,11.64,10.95,11129934.0,126005639.0
2007-07-27,11.52,11.48,11.76,11.25,8503708.0,97360938.0
2007-07-30,11.53,11.84,11.94,11.26,11796171.0,137474488.0
2007-07-31,11.76,11.48,11.96,11.39,7391863.0,85903085.0
2007-08-01,11.58,11.96,12.27,11.26,16390917.0,192127031.0
2007-08-02,11.96,12.6,12.65,11.96,17779390.0,219285184.0
2007-08-03,12.68,12.78,12.8,12.32,10845452.0,136454017.0
2007-08-06,13.09,12.6,13.15,12.43,7961589.0,101281839.0
2007-08-07,12.59,12.6,12.61,12.02,8395018.0,103031433.0
2007-08-08,12.52,12.25,12.6,12.08,4805397.0,59139054.0
2007-08-09,12.14,12.03,12.5,11.99,4547028.0,55214368.0
2007-08-10,12.05,11.48,12.13,11.26,6229333.0,72361374.0
2007-08-13,11.45,11.59,11.72,11.22,3129931.0,35958711.0
2007-08-14,11.4,11.8,11.94,11.4,2703549.0,31766014.0
2007-08-15,11.87,11.6,11.88,11.33,2741367.0,31674165.0
2007-08-16,11.55,11.26,11.55,11.17,4591420.0,51859147.0
2007-08-17,11.26,11.33,11.67,11.2,3453964.0,39464104.0
2007-08-20,11.49,11.77,11.81,11.49,4596432.0,53615874.0
2007-08-21,11.8,11.82,11.92,11.69,4426795.0,52200398.0
2007-08-22,11.69,11.92,12.14,11.33,4639184.0,54806557.0
2007-08-23,11.92,11.67,12.07,11.65,4296422.0,50500847.0
2007-08-24,11.7,11.77,12.08,11.7,4296033.0,50946086.0
2007-08-27,12.01,12.55,12.84,12.01,13016542.0,162858067.0
2007-08-28,12.53,13.11,13.2,12.27,14904331.0,192506023.0
2007-08-29,12.7,12.21,13.1,12.18,9430319.0,119966766.0
2007-08-30,12.26,12.73,13.09,12.26,12342472.0,157318281.0
2007-08-31,12.73,12.83,12.92,12.46,6593098.0,83873345.0
2007-09-03,12.96,13.21,13.45,12.79,6708187.0,87918275.0
2007-09-04,13.45,12.83,13.45,12.71,6080577.0,79636640.0
2007-09-05,12.81,12.63,12.83,12.21,4330341.0,54340913.0
2007-09-06,12.71,12.52,13.21,12.52,8095747.0,103497353.0
2007-09-07,12.57,13.28,13.72,12.33,13869165.0,181843920.0
2007-09-10,13.09,14.61,14.61,12.9,14619022.0,204698173.0
2007-09-11,14.77,14.22,15.1,14.1,12474186.0,180966470.0
2007-09-12,14.22,14.41,14.77,13.47,9141391.0,128873653.0
2007-09-13,14.36,14.67,14.76,13.91,6628574.0,95744287.0
2007-09-14,14.71,14.62,14.75,14.28,4685275.0,67979415.0
2007-09-17,14.47,15.84,15.86,14.36,7507167.0,115330710.0
2007-09-18,15.92,15.79,16.36,15.42,6352624.0,100998204.0
2007-09-19,15.73,15.4,15.84,15.35,4036462.0,62838764.0
2007-09-20,15.42,15.86,16.49,15.42,3896695.0,62188083.0
2007-09-21,15.86,16.36,16.36,15.54,4209782.0,66601085.0
2007-09-24,16.34,15.46,16.36,15.42,5157445.0,80967828.0
2007-09-25,15.39,14.87,16.05,14.85,4703169.0,71270393.0
2007-09-26,14.98,14.3,15.23,14.28,3084220.0,45408606.0
2007-09-27,14.3,14.46,14.75,14.26,1369389.0,19807374.0
2007-09-28,14.65,15.4,15.6,14.65,2528988.0,38680698.0
2007-10-08,15.86,15.07,16.05,15.07,2408707.0,36740055.0
2007-10-09,14.98,14.53,14.98,14.27,4175825.0,60464819.0
2007-10-10,14.58,14.59,14.79,14.33,1978255.0,28790994.0
2007-10-11,14.52,15.28,15.29,13.69,9896114.0,140369455.0
2007-10-12,15.08,14.54,15.08,13.84,9251664.0,134227339.0
2007-10-15,14.55,14.65,14.78,13.99,5519196.0,78877580.0
2007-10-16,14.63,14.67,14.98,14.32,4456439.0,65821993.0
2007-10-17,14.91,14.11,14.94,14.08,4003759.0,57614540.0
2007-10-18,13.86,14.13,14.47,13.72,5827084.0,81089378.0
2007-10-19,14.16,13.85,14.28,13.78,1374687.0,19095142.0
2007-10-22,13.85,12.95,13.86,12.9,4159730.0,54981706.0
2007-10-23,12.81,13.65,13.72,12.81,4482055.0,60193804.0
2007-10-24,13.68,13.9,14.22,13.37,3262075.0,45507553.0
2007-10-25,13.84,13.38,14.1,13.34,4471051.0,61154017.0
2007-10-26,13.21,13.07,13.51,12.9,2249248.0,29588131.0
2007-10-29,13.06,13.21,13.41,12.84,2759654.0,35881515.0
2007-10-30,13.33,13.66,13.77,13.08,1886742.0,25356189.0
2007-10-31,13.84,13.91,14.06,13.66,2913709.0,40480524.0
2007-11-01,13.91,13.4,14.01,12.86,5223449.0,69276831.0
2007-11-02,12.9,12.58,12.9,12.16,6999671.0,87129828.0
2007-11-05,12.4,12.59,12.81,12.15,1751224.0,21803534.0
2007-11-06,12.57,12.75,12.89,12.35,2144072.0,27133295.0
2007-11-07,12.71,12.76,12.99,12.62,3199935.0,40967347.0
2007-11-08,12.59,12.46,12.93,12.33,2659372.0,33784142.0
2007-11-09,12.28,12.71,12.77,12.28,1902855.0,23788596.0
2007-11-12,12.5,12.69,13.04,11.97,2467809.0,31360583.0
2007-11-13,12.82,13.02,13.15,12.71,3432631.0,44473808.0
2007-11-14,13.15,13.21,13.26,12.83,2234683.0,29391435.0
2007-11-15,13.4,12.95,13.4,12.69,1468342.0,19007530.0
2007-11-16,12.89,12.59,12.89,12.4,842439.0,10582949.0
2007-11-19,12.59,12.76,12.88,12.5,1197765.0,15162127.0
2007-11-20,12.68,12.95,13.03,12.6,1308467.0,16896218.0
2007-11-21,13.0,12.74,13.09,12.74,1208725.0,15659056.0
2007-11-22,12.63,11.99,12.63,11.97,1116312.0,13694266.0
2007-11-23,11.74,11.91,12.19,11.71,1193881.0,14225123.0
2007-11-26,12.17,11.89,12.26,11.83,1130982.0,13552512.0
2007-11-27,11.74,11.43,11.89,11.36,1571897.0,18175960.0
2007-11-28,11.41,11.01,11.55,10.82,1722800.0,19253341.0
2007-11-29,11.07,11.36,11.45,10.77,3528579.0,39129988.0
2007-11-30,11.36,10.98,11.36,10.82,3514720.0,38991461.0
2007-12-03,10.96,11.36,11.44,10.83,1394843.0,15618481.0
2007-12-04,11.33,11.43,11.55,11.23,1195448.0,13629808.0
2007-12-05,11.41,11.68,11.75,11.38,1540206.0,17850922.0
2007-12-06,11.52,11.56,11.82,11.44,1898461.0,22013120.0
2007-12-07,11.56,11.79,11.79,11.45,1048055.0,12258366.0
2007-12-10,11.58,12.14,12.21,11.45,2773605.0,33320800.0
2007-12-11,12.21,12.17,12.46,12.02,1976151.0,24188091.0
2007-12-12,12.2,12.21,12.33,12.07,1597202.0,19495370.0
2007-12-13,11.97,11.71,12.25,11.64,1705955.0,20461757.0
2007-12-14,11.64,11.74,11.8,11.44,1414569.0,16423204.0
2007-12-17,11.84,12.08,12.27,11.64,1886793.0,22607653.0
2007-12-18,11.99,12.1,12.19,11.89,1749951.0,21021779.0
2007-12-19,12.1,12.1,12.1,12.1,0.0,0.0
2007-12-20,12.1,12.1,12.1,12.1,0.0,0.0
2007-12-21,12.59,12.87,12.89,12.4,3513469.0,44487690.0
2007-12-24,13.03,13.4,13.52,13.03,4919681.0,65375113.0
2007-12-25,13.41,13.26,13.52,13.15,2767444.0,36839144.0
2007-12-26,13.43,13.61,13.72,13.28,2840069.0,38364104.0
2007-12-27,13.65,13.53,13.71,13.42,2427027.0,32930788.0
2007-12-28,13.51,13.17,13.58,13.12,2753982.0,36483311.0
2008-01-02,13.16,13.54,13.57,12.9,2744717.0,36347127.0
2008-01-03,13.54,14.01,14.05,13.32,3984469.0,54679037.0
2008-01-04,13.89,14.16,14.23,13.76,3187493.0,44700272.0
2008-01-07,14.13,14.13,14.27,13.92,3166782.0,44724886.0
2008-01-08,14.13,14.37,14.59,14.04,3578256.0,51461973.0
2008-01-09,14.32,14.42,14.44,13.99,2734929.0,38896543.0
2008-01-10,14.43,14.51,15.1,14.35,4688110.0,68889665.0
2008-01-11,14.6,14.1,14.78,14.0,4140148.0,58822785.0
2008-01-14,14.17,14.3,14.44,13.77,4466878.0,62687952.0
2008-01-15,14.28,14.28,14.47,14.18,4907519.0,70322887.0
2008-01-16,14.25,13.85,14.25,13.83,3963284.0,55307030.0
2008-01-17,13.83,14.45,14.49,13.72,9571415.0,136833914.0
2008-01-18,14.32,14.67,14.79,14.1,3405984.0,49646779.0
2008-01-21,14.47,13.56,14.8,13.39,3763136.0,53683621.0
2008-01-22,13.08,12.21,13.53,12.21,3357045.0,43324305.0
2008-01-23,12.21,12.86,12.89,12.21,1809723.0,22803565.0
2008-01-24,13.09,13.03,13.33,12.84,2425764.0,31710948.0
2008-01-25,13.03,13.75,13.84,12.85,3379289.0,45641799.0
2008-01-28,13.59,12.61,13.59,12.59,1949268.0,25540769.0
2008-01-29,12.74,12.89,13.14,12.59,623103.0,8005952.0
2008-01-30,13.0,13.41,13.43,12.89,1930812.0,25450223.0
2008-01-31,13.22,12.98,13.43,12.98,1304901.0,17343066.0
2008-02-01,13.21,12.61,13.21,12.21,2395608.0,30215974.0
2008-02-04,12.9,13.71,13.76,12.9,1379873.0,18506607.0
2008-02-05,13.72,13.44,13.82,13.4,1038875.0,14096407.0
2008-02-13,13.31,13.28,13.56,13.03,803024.0,10642816.0
2008-02-14,13.53,13.71,13.81,13.35,1053961.0,14404469.0
2008-02-15,13.68,13.99,14.05,13.34,2130683.0,29507635.0
2008-02-18,14.05,14.1,14.21,13.89,1618986.0,22779936.0
2008-02-19,14.1,14.32,14.34,13.97,2822984.0,40097450.0
2008-02-20,14.33,14.13,14.35,13.92,2102565.0,29719923.0
2008-02-21,13.78,14.22,14.3,13.73,1228830.0,17295936.0
2008-02-22,13.95,14.1,14.59,13.85,3011693.0,42445932.0
2008-02-25,14.09,14.1,14.28,13.47,3401579.0,47289100.0
2008-02-26,14.1,14.15,14.44,13.54,2099029.0,29307205.0
2008-02-27,14.26,14.13,14.44,13.97,3522287.0,50261663.0
2008-02-28,14.15,14.21,14.35,13.84,1988074.0,28176646.0
2008-02-29,14.21,14.79,14.8,14.03,4289104.0,62089191.0
2008-03-03,14.69,14.78,14.84,14.32,3319372.0,48485006.0
2008-03-04,14.6,14.28,14.76,14.08,1981797.0,28432950.0
2008-03-05,14.1,14.2,14.28,13.77,1554210.0,21750091.0
2008-03-06,14.16,14.29,14.45,13.84,2189003.0,30864899.0
2008-03-07,14.05,13.61,14.27,13.53,1246788.0,17165259.0
2008-03-10,13.61,12.9,13.61,12.78,1542231.0,20167807.0
2008-03-11,12.71,12.46,12.71,12.21,2529793.0,31412410.0
2008-03-12,12.68,11.95,12.84,11.87,1652942.0,20143835.0
2008-03-13,11.95,11.33,11.96,11.06,1704611.0,19444890.0
2008-03-14,11.2,11.27,11.55,10.95,1494613.0,16702943.0
2008-03-17,11.38,10.48,11.38,10.33,2905875.0,30997065.0
2008-03-18,10.48,10.01,10.65,9.45,2858554.0,28277738.0
2008-03-19,10.1,9.75,10.49,9.7,7047073.0,70762500.0
2008-03-20,9.75,10.01,10.24,9.02,2780778.0,26715195.0
2008-03-21,9.88,10.46,10.7,9.87,3322719.0,34274455.0
2008-03-24,10.5,9.85,10.62,9.75,2417494.0,24740594.0
2008-03-25,9.62,9.91,10.06,9.5,1458788.0,14116460.0
2008-03-26,9.92,9.85,10.18,9.82,1206232.0,12015991.0
2008-03-27,9.75,9.19,9.75,9.19,1568819.0,14793605.0
2008-03-28,9.12,9.51,9.56,8.81,1295170.0,12009460.0
2008-03-31,9.12,9.04,9.36,9.04,1183596.0,10859321.0
2008-04-01,9.03,8.24,9.21,8.18,1465297.0,12500494.0
2008-04-02,8.39,8.43,8.94,8.19,5464384.0,46387131.0
2008-04-03,8.23,8.93,9.06,7.69,2954597.0,25219996.0
2008-04-07,8.62,9.66,9.66,8.49,2417584.0,22540455.0
2008-04-08,9.45,9.49,9.75,9.41,2242348.0,21436113.0
2008-04-09,9.41,9.75,10.16,9.34,8129846.0,81067565.0
2008-04-10,9.75,10.06,10.07,9.19,3699574.0,36702720.0
2008-04-11,10.13,9.99,10.18,9.93,1589613.0,15983595.0
2008-04-14,9.82,9.07,9.82,9.07,955966.0,8985181.0
2008-04-15,9.09,9.5,9.5,8.94,890678.0,8136491.0
2008-04-16,9.55,9.12,9.58,8.87,442743.0,4101858.0
2008-04-17,9.16,8.95,9.41,8.75,804915.0,7284174.0
2008-04-18,8.95,8.4,8.95,8.32,739394.0,6382338.0
2008-04-21,9.0,8.49,9.22,8.37,1743795.0,15254440.0
2008-04-22,8.53,8.56,8.78,8.18,1085110.0,9029356.0
2008-04-23,8.48,8.81,8.99,8.48,3098323.0,27089269.0
2008-04-24,9.68,9.69,9.69,9.25,3997706.0,38385518.0
2008-04-25,9.63,9.75,10.23,9.45,3378115.0,33686495.0
2008-04-28,9.77,9.77,9.94,9.55,1417377.0,13846921.0
2008-04-29,9.77,9.86,10.01,9.62,1784627.0,17448769.0
2008-04-30,9.89,10.24,10.32,9.85,2472932.0,25070439.0
2008-05-05,10.32,10.58,10.7,10.01,4234920.0,43175402.0
2008-05-06,10.41,10.89,11.01,10.26,6883064.0,73709251.0
2008-05-07,10.82,10.51,10.82,10.45,2982478.0,31609523.0
2008-05-08,10.48,10.8,11.01,10.17,2130269.0,22556403.0
2008-05-09,10.8,10.43,10.92,10.32,1385764.0,14610583.0
2008-05-12,10.19,10.29,10.49,10.01,1494961.0,15361021.0
2008-05-13,10.19,10.19,10.26,9.76,3596421.0,35790513.0
2008-05-14,10.19,10.55,10.6,10.02,2008786.0,20997894.0
2008-05-15,10.55,10.09,10.65,10.01,4910577.0,50505453.0
2008-05-16,10.01,9.75,10.13,9.69,3975023.0,38997490.0
2008-05-19,9.85,9.54,9.85,9.44,2420979.0,23162557.0
2008-05-20,9.54,9.0,9.65,8.97,3045790.0,28678471.0
2008-05-21,8.97,9.05,9.22,8.6,2837165.0,25068072.0
2008-05-22,9.05,8.87,9.09,8.87,2411663.0,21744946.0
2008-05-23,9.12,8.81,9.12,8.68,2852399.0,25259867.0
2008-05-26,8.81,8.72,8.85,8.44,1580593.0,13633189.0
2008-05-27,8.71,8.83,8.86,8.6,938738.0,8206949.0
2008-05-28,8.9,9.1,9.16,8.84,1633808.0,14667688.0
2008-05-29,9.02,8.8,9.09,8.56,1363589.0,11987532.0
2008-05-30,8.72,8.78,8.8,8.18,4552436.0,38723280.0
2008-06-02,8.56,8.53,8.65,8.38,2189561.0,18644155.0
2008-06-03,8.55,8.38,8.62,8.32,3200248.0,26921744.0
2008-06-04,8.37,8.05,8.39,7.99,1748203.0,14229578.0
2008-06-05,7.99,8.19,8.21,7.99,1626239.0,13277245.0
2008-06-06,8.2,8.08,8.31,8.07,1722266.0,14028425.0
2008-06-10,7.68,7.61,7.84,7.37,2452589.0,18580397.0
2008-06-11,7.55,7.56,7.62,7.44,1162865.0,8766648.0
2008-06-12,7.54,7.24,7.54,7.13,1459206.0,10594421.0
2008-06-13,7.26,7.24,7.48,7.24,2313692.0,17171427.0
2008-06-16,7.21,7.12,7.36,7.1,541839.0,3893494.0
2008-06-17,7.07,6.8,7.24,6.8,1083701.0,7693180.0
2008-06-18,6.8,7.21,7.36,6.73,1245963.0,8740709.0
2008-06-19,7.12,6.49,7.24,6.49,825552.0,5657881.0
2008-06-20,6.29,6.21,6.75,5.88,3914673.0,25151886.0
2008-06-23,5.97,5.98,6.14,5.8,1103314.0,6617973.0
2008-06-24,5.86,6.03,6.05,5.68,3431565.0,20274451.0
2008-06-25,5.98,6.39,6.45,5.8,6223502.0,38214413.0
2008-06-26,6.39,6.39,6.39,6.39,0.0,0.0
2008-06-27,6.14,5.75,6.14,5.75,2896859.0,16891336.0
2008-06-30,5.66,5.51,5.72,5.32,3211778.0,17591407.0
2008-07-01,5.58,5.35,5.58,5.25,1967240.0,10490963.0
2008-07-02,5.35,5.35,5.46,5.29,960395.0,5153637.0
2008-07-03,5.22,5.51,5.66,5.13,2540278.0,13874077.0
2008-07-04,5.46,5.54,5.69,5.44,2332066.0,13092830.0
2008-07-07,5.54,5.97,6.07,5.54,2231850.0,13147738.0
2008-07-08,5.98,6.04,6.14,5.85,2047646.0,12216430.0
2008-07-09,6.17,6.23,6.33,6.03,5653521.0,35028863.0
2008-07-10,6.09,6.09,6.2,5.98,3523616.0,21465617.0
2008-07-11,6.07,6.02,6.22,5.79,3614696.0,21953272.0
2008-07-14,5.98,6.05,6.07,5.88,1748128.0,10451378.0
2008-07-15,6.1,6.01,6.22,5.95,2898957.0,17727950.0
2008-07-16,6.0,5.76,6.0,5.65,2965396.0,17049678.0
2008-07-17,5.79,5.85,5.91,5.73,2264201.0,13176428.0
2008-07-18,5.85,6.14,6.15,5.82,3015432.0,17948643.0
2008-07-21,6.19,6.34,6.34,6.1,3453052.0,21466986.0
2008-07-22,6.29,6.29,6.46,6.2,2011849.0,12700446.0
2008-07-23,6.36,6.41,6.58,6.29,3447313.0,22253412.0
2008-07-24,6.47,6.51,6.58,6.32,2418015.0,15654969.0
2008-07-25,6.39,6.3,6.4,6.29,1303737.0,8242975.0
2008-07-28,6.35,6.32,6.42,6.3,2231559.0,14177036.0
2008-07-29,6.19,6.47,6.6,6.1,2602417.0,16557703.0
2008-07-30,6.55,6.29,6.58,6.26,1457425.0,9336739.0
2008-07-31,6.28,6.0,6.29,5.91,1327198.0,8049578.0
2008-08-01,5.92,6.12,6.19,5.92,916276.0,5546380.0
2008-08-04,5.94,5.9,6.16,5.84,1068538.0,6423244.0
2008-08-05,5.85,5.86,5.95,5.84,1106264.0,6482260.0
2008-08-06,5.94,6.13,6.19,5.85,1411292.0,8563228.0
2008-08-07,6.15,6.25,6.26,6.1,700211.0,4308229.0
2008-08-08,6.25,6.0,6.32,5.91,1143935.0,6895251.0
2008-08-11,6.02,5.84,6.02,5.77,1638719.0,9566737.0
2008-08-12,5.88,5.79,5.88,5.65,682002.0,3913451.0
2008-08-13,5.81,5.84,5.87,5.52,548416.0,3142519.0
2008-08-14,5.84,5.71,5.84,5.66,241441.0,1385830.0
2008-08-15,5.75,5.86,5.99,5.57,411842.0,2398823.0
2008-08-18,5.81,5.77,5.96,5.66,611809.0,3519186.0
2008-08-19,5.66,5.89,5.89,5.66,315326.0,1841420.0
2008-08-20,5.88,6.31,6.39,5.77,757517.0,4707552.0
2008-08-21,6.28,6.16,6.28,6.02,588388.0,3619618.0
2008-08-22,6.1,6.02,6.16,5.78,279011.0,1664166.0
2008-08-25,5.95,5.97,6.11,5.92,211685.0,1269127.0
2008-08-26,5.85,5.87,6.01,5.76,972014.0,5699664.0
2008-08-27,5.84,5.68,5.99,5.66,375737.0,2158301.0
2008-08-28,5.71,5.75,5.77,5.68,527797.0,3013601.0
2008-08-29,5.9,6.32,6.32,5.84,4041396.0,25314926.0
2008-09-01,6.32,6.19,6.74,6.19,7534181.0,48901543.0
2008-09-02,6.06,5.95,6.17,5.71,2910233.0,17309001.0
2008-09-03,5.78,5.96,6.02,5.78,1435566.0,8452585.0
2008-09-04,5.89,5.83,5.97,5.71,1637740.0,9544912.0
2008-09-05,5.71,5.72,5.8,5.63,1463706.0,8363339.0
2008-09-08,5.83,5.58,5.83,5.58,943869.0,5350239.0
2008-09-09,5.55,5.63,5.66,5.52,707671.0,3937151.0
2008-09-10,5.58,5.81,5.86,5.58,850943.0,4901038.0
2008-09-11,5.81,5.74,6.07,5.64,1111370.0,6416110.0
2008-09-12,5.74,5.86,6.01,5.71,1137377.0,6705852.0
2008-09-16,5.87,5.92,5.95,5.73,1359530.0,7985216.0
2008-09-17,5.91,6.03,6.06,5.86,1710869.0,10294646.0
2008-09-18,5.95,5.84,5.96,5.51,3110947.0,17795772.0
2008-09-19,6.36,6.42,6.42,6.18,2219765.0,14196381.0
2008-09-22,6.88,6.56,7.06,6.28,4403216.0,29382035.0
2008-09-23,6.34,6.06,6.36,6.06,1954477.0,12063215.0
2008-09-24,6.06,6.31,6.31,5.95,1740106.0,10695220.0
2008-09-25,6.32,6.49,6.65,6.16,3984636.0,25788025.0
2008-09-26,6.44,6.75,6.88,6.34,3141659.0,20694827.0
2008-10-06,6.75,6.86,7.42,6.52,4895907.0,34532768.0
2008-10-07,6.73,6.81,7.39,6.54,5326615.0,37481646.0
2008-10-08,6.55,6.36,6.78,6.16,2744307.0,17781156.0
2008-10-09,6.49,6.36,6.59,6.32,1185099.0,7662679.0
2008-10-10,6.19,6.6,6.79,6.16,3929152.0,25714269.0
2008-10-13,6.51,6.42,6.68,5.94,4237730.0,26366378.0
2008-10-14,6.62,6.0,6.66,5.98,2878145.0,18309251.0
2008-10-15,5.95,5.77,5.99,5.7,1812339.0,10557588.0
2008-10-16,5.62,5.71,5.86,5.38,2832695.0,15976461.0
2008-10-17,5.81,5.45,5.81,5.19,2885390.0,15725938.0
2008-10-20,5.34,5.59,5.62,5.2,1912907.0,10512655.0
2008-10-21,5.64,5.64,5.77,5.57,2070617.0,11750527.0
2008-10-22,5.66,5.32,5.66,5.25,1203597.0,6524848.0
2008-10-23,5.22,5.26,5.44,5.11,1777341.0,9330570.0
2008-10-24,5.23,4.98,5.36,4.86,3012787.0,15022154.0
2008-10-27,4.98,4.76,5.02,4.61,3132801.0,15159210.0
2008-10-28,4.72,4.93,4.93,4.51,1084943.0,5197933.0
2008-10-29,5.07,4.53,5.09,4.53,5577001.0,26005332.0
2008-10-30,4.44,4.22,4.62,4.22,4516147.0,20151776.0
2008-10-31,4.24,4.37,4.51,4.22,2680973.0,11713105.0
2008-11-03,4.31,4.42,4.45,4.29,1016101.0,4468779.0
2008-11-04,4.35,4.32,4.44,4.24,415597.0,1802884.0
2008-11-05,4.31,4.41,4.48,4.31,728041.0,3216509.0
2008-11-06,4.35,4.36,4.39,4.33,416562.0,1810234.0
2008-11-07,4.29,4.49,4.54,4.27,685736.0,3069333.0
2008-11-10,4.49,4.78,4.79,4.49,1192481.0,5582155.0
2008-11-11,4.77,4.72,4.8,4.62,1296137.0,6115927.0
2008-11-12,4.68,4.8,4.83,4.68,877739.0,4168049.0
2008-11-13,4.78,4.98,5.05,4.7,1417253.0,6969120.0
2008-11-14,5.05,5.22,5.28,5.05,2077356.0,10710193.0
2008-11-17,5.22,5.75,5.75,5.09,2656565.0,14241888.0
2008-11-18,5.61,5.17,5.64,5.17,3630494.0,19265080.0
2008-11-19,5.05,5.55,5.6,5.05,2561455.0,13818947.0
2008-11-20,5.35,5.34,5.51,5.26,1334472.0,7196353.0
2008-11-21,5.19,5.21,5.37,5.04,1127870.0,5856640.0
2008-11-24,5.0,5.05,5.29,4.99,582331.0,2954041.0
2008-11-25,5.07,5.29,5.31,5.07,2354674.0,12225270.0
2008-11-26,5.25,5.19,5.29,5.18,884204.0,4603306.0
2008-11-27,5.51,5.45,5.58,5.32,4016862.0,21922996.0
2008-11-28,5.37,5.38,5.51,5.33,2828738.0,15231180.0
2008-12-01,5.34,5.42,5.45,5.2,623844.0,3342822.0
2008-12-02,5.19,5.32,5.39,5.19,3963328.0,20938480.0
2008-12-03,5.38,5.49,5.49,5.31,3024526.0,16393105.0
2008-12-04,5.57,5.61,5.88,5.57,4191046.0,24110322.0
2008-12-05,5.51,5.7,5.74,5.51,1547056.0,8731614.0
2008-12-08,5.92,5.94,6.27,5.92,5695506.0,34569040.0
2008-12-09,6.01,5.93,6.07,5.84,2875268.0,17196340.0
2008-12-10,6.01,6.12,6.16,5.91,2597781.0,15799171.0
2008-12-11,6.12,5.84,6.12,5.82,1613192.0,9621993.0
2008-12-12,5.77,5.43,5.81,5.4,1349510.0,7548658.0
2008-12-15,5.45,5.42,5.64,5.25,1055371.0,5689693.0
2008-12-16,5.42,5.49,5.49,5.32,1555799.0,8439487.0
2008-12-17,5.55,5.55,5.62,5.48,1108088.0,6149284.0
2008-12-18,5.62,5.69,5.71,5.47,1144131.0,6408566.0
2008-12-19,5.84,5.87,6.16,5.84,2833523.0,16909432.0
2008-12-22,5.84,5.86,5.9,5.77,1120847.0,6539747.0
2008-12-23,5.92,5.71,5.92,5.66,1715997.0,9857120.0
2008-12-24,5.71,5.35,5.71,5.29,1021699.0,5558239.0
2008-12-25,5.38,5.6,5.62,5.27,1563275.0,8604989.0
2008-12-26,5.45,5.51,5.64,5.45,612513.0,3387862.0
2008-12-29,5.51,5.38,5.51,5.32,414366.0,2225797.0
2008-12-30,5.38,5.42,5.47,5.36,521049.0,2826782.0
2008-12-31,5.4,5.45,5.46,5.33,851777.0,4609764.0
2009-01-05,5.58,5.62,5.66,5.51,1525229.0,8486938.0
2009-01-06,5.62,5.82,5.89,5.51,1587480.0,9108287.0
2009-01-07,5.86,5.82,5.92,5.71,2697726.0,15719282.0
2009-01-08,5.74,5.47,5.75,5.39,1066828.0,5910077.0
2009-01-09,5.51,5.56,5.6,5.45,1016654.0,5623786.0
2009-01-12,5.53,5.77,5.86,5.52,3396076.0,19360878.0
2009-01-13,5.76,5.79,5.97,5.68,4643189.0,27178658.0
2009-01-14,5.84,6.05,6.09,5.62,5951581.0,34484628.0
2009-01-15,6.0,6.03,6.25,5.93,8400872.0,51243824.0
2009-01-16,6.03,5.93,6.13,5.9,4337451.0,26002534.0
2009-01-19,5.93,5.78,5.96,5.74,2586555.0,15107917.0
2009-01-20,5.82,5.9,5.92,5.76,1339802.0,7843148.0
2009-01-21,5.86,5.9,5.97,5.77,1796003.0,10551018.0
2009-01-22,5.95,5.89,5.99,5.84,1296742.0,7651776.0
2009-01-23,5.87,5.93,6.17,5.87,4119810.0,24873482.0
2009-02-02,5.96,6.12,6.13,5.9,2230962.0,13535018.0
2009-02-03,6.1,6.26,6.28,6.01,2842904.0,17571922.0
2009-02-04,6.26,6.58,6.58,6.25,5272101.0,33979860.0
2009-02-05,6.62,6.48,6.71,6.35,4330486.0,27858456.0
2009-02-06,6.41,6.78,6.86,6.38,6661833.0,44499784.0
2009-02-09,6.83,6.83,6.86,6.62,11324220.0,76006440.0
2009-02-10,6.76,6.73,6.8,6.56,6990114.0,46613360.0
2009-02-11,6.72,6.75,6.96,6.61,6392481.0,43417116.0
2009-02-12,6.77,7.13,7.15,6.55,7896639.0,53902824.0
2009-02-13,7.12,7.48,7.55,6.94,10512282.0,76465112.0
2009-02-16,7.5,7.3,7.58,7.04,11903986.0,85928296.0
2009-02-17,7.32,6.91,7.32,6.91,7034497.0,49837416.0
2009-02-18,6.78,6.68,7.12,6.64,7708947.0,53193680.0
2009-02-19,6.8,6.68,6.87,6.6,4401279.0,29554844.0
2009-02-20,6.73,7.03,7.04,6.68,4030076.0,27734784.0
2009-02-23,7.03,7.15,7.33,7.03,6133547.0,43919780.0
2009-02-24,7.13,7.4,7.7,7.08,21526734.0,159744032.0
2009-02-25,7.49,7.78,7.93,7.48,13509930.0,104716344.0
2009-02-26,7.84,7.13,7.85,7.0,5175402.0,38605396.0
2009-02-27,7.13,6.62,7.43,6.42,10625428.0,74623016.0
2009-03-02,6.47,6.91,6.91,6.17,3549619.0,23818156.0
2009-03-03,6.69,6.97,7.26,6.52,6508407.0,45813220.0
2009-03-04,6.99,7.36,7.45,6.99,9460862.0,68140600.0
2009-03-05,7.41,7.54,7.74,7.3,8912377.0,66397040.0
2009-03-06,7.4,7.38,7.51,7.08,4645177.0,33925488.0
2009-03-09,7.39,6.91,7.43,6.85,3181251.0,22786708.0
2009-03-10,6.82,7.0,7.01,6.68,2001161.0,13725864.0
2009-03-11,7.14,6.93,7.32,6.85,2804976.0,19969664.0
2009-03-12,6.82,6.84,6.91,6.67,1833520.0,12388353.0
2009-03-13,6.93,7.24,7.26,6.86,6508715.0,46576204.0
2009-03-16,7.36,7.78,7.84,7.36,14312866.0,109192832.0
2009-03-17,7.8,8.34,8.37,7.56,11116510.0,88599048.0
2009-03-18,8.23,8.08,8.72,8.08,8900866.0,75591832.0
2009-03-19,8.14,8.57,8.63,8.14,7717149.0,65082416.0
2009-03-20,8.55,8.41,8.56,8.22,5566466.0,46562380.0
2009-03-23,8.48,8.95,9.26,8.44,10881925.0,97465880.0
2009-03-24,9.08,8.76,9.2,8.74,8156236.0,72381912.0
2009-03-25,8.75,8.48,8.75,8.47,4371804.0,37579848.0
2009-03-26,8.56,8.61,8.63,8.37,3475330.0,29683948.0
2009-03-27,8.67,8.53,8.88,8.44,4923435.0,42457312.0
2009-03-30,8.45,8.41,8.63,8.24,4729900.0,39662248.0
2009-03-31,8.3,8.57,8.72,8.17,5558958.0,47324008.0
2009-04-01,8.76,9.08,9.33,8.69,12435769.0,112337480.0
2009-04-02,9.0,9.0,9.08,8.86,3383811.0,30497324.0
2009-04-03,9.09,8.85,9.17,8.82,3702445.0,33120938.0
2009-04-07,8.76,8.67,8.98,8.54,3467247.0,30157272.0
2009-04-08,8.72,8.76,8.9,8.56,4739564.0,41663172.0
2009-04-09,8.78,9.18,9.2,8.76,5231461.0,47395804.0
2009-04-10,9.26,9.66,9.83,9.2,8496528.0,81137904.0
2009-04-13,9.67,9.65,9.79,9.5,3161657.0,30480126.0
2009-04-14,9.71,9.88,10.38,9.5,8295803.0,81744440.0
2009-04-15,9.82,9.72,9.83,9.53,2905038.0,28038514.0
2009-04-16,9.6,10.08,10.19,9.53,8107627.0,80564888.0
2009-04-17,9.99,10.15,10.25,9.89,6405967.0,64371716.0
2009-04-20,10.14,10.51,10.57,10.03,4771577.0,49251224.0
2009-04-21,10.31,10.36,10.38,10.0,7608879.0,76990864.0
2009-04-22,10.36,9.85,10.51,9.4,5424983.0,54858020.0
2009-04-23,9.73,9.63,9.83,9.34,5731596.0,55034364.0
2009-04-24,9.76,9.93,10.28,9.76,15934687.0,160275792.0
2009-04-27,9.85,9.6,9.98,9.35,5003029.0,48416356.0
2009-04-28,9.53,9.53,9.79,9.18,4641788.0,43494460.0
2009-04-29,9.42,9.61,9.79,9.29,6333328.0,61127636.0
2009-04-30,9.66,10.09,10.18,9.53,6958243.0,69236120.0
2009-05-04,10.09,10.2,10.3,9.96,4191657.0,42528772.0
2009-05-05,10.16,10.28,10.38,10.05,3599574.0,36649424.0
2009-05-06,10.22,10.23,10.51,9.99,7626972.0,78001096.0
2009-05-07,10.17,9.65,10.3,9.46,12067653.0,117816392.0
2009-05-08,9.66,9.4,9.66,9.18,8594760.0,80348720.0
2009-05-11,9.48,9.18,9.52,9.15,6952236.0,65057940.0
2009-05-12,9.13,9.53,9.55,9.08,4521429.0,42411088.0
2009-05-13,9.53,9.39,9.68,9.34,5243328.0,49608424.0
2009-05-14,9.38,9.19,9.38,9.13,7269636.0,66772348.0
2009-05-15,9.22,9.32,9.35,9.19,4947177.0,45807568.0
2009-05-18,9.33,9.48,9.48,9.16,5564322.0,51901096.0
2009-05-19,9.5,9.34,9.64,9.26,9222657.0,86915440.0
2009-05-20,9.61,9.61,10.02,9.4,19007066.0,184199536.0
2009-05-21,9.55,9.34,9.55,9.24,6620945.0,61939744.0
2009-05-22,9.22,9.2,9.37,9.12,3460292.0,31898418.0
2009-05-25,9.02,9.0,9.07,8.66,4590669.0,40742268.0
2009-05-26,9.02,9.31,9.59,8.98,8931178.0,83635392.0
2009-05-27,9.31,9.26,9.46,9.22,2802532.0,26125904.0
2009-06-01,9.24,9.24,9.3,9.15,4199819.0,38764148.0
2009-06-02,9.29,9.26,9.37,9.24,4156582.0,38649836.0
2009-06-03,9.33,9.38,9.44,9.26,5100184.0,47706560.0
2009-06-04,9.55,9.29,9.73,9.29,10359536.0,98045928.0
2009-06-05,9.28,9.05,9.33,9.0,8599447.0,78057784.0
2009-06-08,9.08,9.14,9.17,9.05,3725163.0,33873824.0
2009-06-09,9.15,8.98,9.15,8.82,3791868.0,33901636.0
2009-06-10,8.99,9.18,9.25,8.99,3241052.0,29589046.0
2009-06-11,9.17,9.19,9.28,9.04,5589744.0,51212784.0
2009-06-12,9.21,8.96,9.24,8.84,3430438.0,30816046.0
2009-06-15,8.95,8.98,9.01,8.87,3145495.0,28125938.0
2009-06-16,8.91,9.02,9.07,8.88,3526956.0,31648624.0
2009-06-17,9.08,9.15,9.21,8.98,3341045.0,30526670.0
2009-06-18,9.18,9.2,9.27,9.12,3872333.0,35517696.0
2009-06-19,9.25,9.23,9.26,9.12,3843998.0,35372456.0
2009-06-22,9.27,9.23,9.28,9.17,4011475.0,37033336.0
2009-06-23,9.13,9.31,9.38,9.12,5023573.0,46594416.0
2009-06-24,9.27,9.55,9.59,9.26,9715609.0,92345088.0
2009-06-25,9.55,9.55,9.55,9.55,0.0,0.0
2009-06-26,9.57,9.7,9.72,9.41,7697722.0,73817344.0
2009-06-29,9.7,9.64,9.89,9.53,5383642.0,52201328.0
2009-06-30,9.64,9.37,9.64,9.28,6653373.0,62368316.0
2009-07-01,9.28,9.29,9.4,9.24,3922458.0,36475808.0
2009-07-02,9.29,9.32,9.36,9.22,3660206.0,33930228.0
2009-07-03,9.24,9.33,9.4,9.21,3552619.0,33105146.0
2009-07-06,9.34,9.88,9.99,9.34,13078896.0,126598632.0
2009-07-07,9.87,10.16,10.26,9.85,13135759.0,132976768.0
2009-07-08,10.18,10.9,10.93,10.16,15504995.0,164697440.0
2009-07-09,10.9,11.55,11.66,10.8,14425386.0,160979136.0
2009-07-10,11.61,11.43,11.64,11.16,7724341.0,87883160.0
2009-07-13,11.45,11.36,11.67,11.24,6135084.0,70573984.0
2009-07-14,11.25,11.64,11.64,11.25,4105003.0,47199004.0
2009-07-15,11.78,11.88,12.32,11.69,5005515.0,59566140.0
2009-07-16,12.03,12.14,12.68,12.0,11105199.0,136723952.0
2009-07-17,12.16,11.67,12.39,11.66,9734038.0,114884216.0
2009-07-20,11.87,11.65,11.87,11.41,10599666.0,122261944.0
2009-07-21,11.48,11.53,11.76,11.48,6996424.0,81453688.0
2009-07-22,11.5,11.48,11.67,11.44,3440788.0,39597900.0
2009-07-23,11.48,11.79,12.21,11.42,7585773.0,89476592.0
2009-07-24,11.78,11.55,11.96,11.39,6203084.0,72028544.0
2009-07-27,11.55,11.59,11.66,11.45,3322840.0,38367356.0
2009-07-28,11.6,11.51,11.62,11.41,4260372.0,49029996.0
2009-07-29,11.55,11.56,11.88,10.37,11492426.0,132478835.0
2009-07-30,11.51,12.4,12.6,11.28,20854797.0,249102400.0
2009-07-31,12.54,13.15,13.46,12.54,16552027.0,217513648.0
2009-08-03,13.0,13.2,13.61,12.66,7481887.0,99281840.0
2009-08-04,13.06,13.13,13.46,12.86,6681193.0,88453576.0
2009-08-05,13.33,13.2,13.53,12.75,4132633.0,54654608.0
2009-08-06,13.23,12.73,13.26,12.52,4419145.0,57013988.0
2009-08-07,12.6,13.06,13.16,12.6,5814145.0,75090824.0
2009-08-10,13.2,12.86,13.53,12.66,5969045.0,78103552.0
2009-08-11,12.87,12.44,12.9,12.17,3361544.0,41662632.0
2009-08-12,12.44,12.31,12.53,12.19,7821040.0,96494304.0
2009-08-13,12.21,11.96,12.31,11.7,4938368.0,58795768.0
2009-08-14,11.96,11.79,11.96,11.28,4484191.0,52391364.0
2009-08-17,11.55,10.92,11.55,10.83,4704901.0,52544060.0
2009-08-18,10.91,11.25,11.37,10.79,2530498.0,28122678.0
2009-08-19,11.25,10.74,11.32,10.52,2603903.0,28649464.0
2009-08-20,10.62,11.34,11.4,10.62,2099433.0,23229220.0
2009-08-21,11.34,11.74,12.0,11.15,3539279.0,41625588.0
2009-08-24,11.75,12.3,12.4,11.63,2987321.0,35986476.0
2009-08-25,12.17,12.4,12.55,11.75,6044614.0,73779688.0
2009-08-26,12.41,12.54,12.87,12.07,4913130.0,62065416.0
2009-08-27,12.6,12.17,12.64,12.08,3972398.0,48553592.0
2009-08-28,12.01,11.95,12.18,11.83,4180941.0,49882844.0
2009-08-31,11.61,10.92,11.82,10.79,1741350.0,19780404.0
2009-09-01,10.82,10.79,11.19,10.56,3812614.0,41137456.0
2009-09-02,10.61,11.07,11.2,10.56,1799463.0,19560304.0
2009-09-03,11.08,11.81,11.86,10.95,2675591.0,31004604.0
2009-09-04,11.82,11.75,12.21,11.59,3588359.0,42695004.0
2009-09-07,11.69,11.83,12.09,11.69,1961086.0,23303488.0
2009-09-08,11.74,12.59,12.6,11.68,6829902.0,83880976.0
2009-09-09,12.62,12.8,13.25,12.34,6672765.0,86281384.0
2009-09-10,12.73,12.18,12.73,12.14,4042541.0,49816048.0
2009-09-11,12.14,12.54,12.59,12.14,3043172.0,37619240.0
2009-09-14,12.73,12.6,12.87,12.42,1854916.0,23323876.0
2009-09-15,12.56,12.56,12.79,12.4,2481729.0,31220186.0
2009-09-16,12.55,12.42,12.55,12.33,1288568.0,16018066.0
2009-09-17,12.54,12.93,13.26,12.42,3349940.0,43004988.0
2009-09-18,12.87,12.64,13.31,12.49,2979206.0,38847304.0
2009-09-21,12.57,12.9,12.9,12.17,2643909.0,33110228.0
2009-09-22,12.89,12.93,13.38,12.7,4348880.0,57270088.0
2009-09-23,12.77,12.36,13.13,12.34,4904752.0,61604716.0
2009-09-24,12.25,12.54,12.67,12.25,1638096.0,20430232.0
2009-09-25,12.41,12.27,12.56,12.15,1049535.0,12973518.0
2009-09-28,12.3,11.88,12.33,11.78,3520313.0,41982592.0
2009-09-29,11.74,11.87,12.36,11.68,2668093.0,32139638.0
2009-09-30,11.89,11.98,12.19,11.87,740673.0,8915435.0
2009-10-09,12.37,12.47,12.47,12.07,2870141.0,35129004.0
2009-10-12,12.4,12.58,12.87,12.34,2096691.0,26541422.0
2009-10-13,12.54,13.04,13.06,12.54,3137974.0,40230376.0
2009-10-14,13.06,12.85,13.26,12.78,3772985.0,49217256.0
2009-10-15,12.85,12.75,13.06,12.75,1445760.0,18575954.0
2009-10-16,12.76,12.64,12.94,12.44,1202464.0,15172850.0
2009-10-19,12.56,12.97,13.03,12.25,1831393.0,23611426.0
2009-10-20,13.1,12.95,13.2,12.73,3210261.0,41538148.0
2009-10-21,13.1,13.39,13.5,12.96,4785955.0,63405348.0
2009-10-22,13.33,13.4,13.61,13.26,5678608.0,76358904.0
2009-10-23,13.39,13.84,13.97,13.39,3839119.0,52966904.0
2009-10-26,13.73,14.07,14.19,13.73,2951577.0,41331324.0
2009-10-27,13.98,13.86,14.21,13.53,5342645.0,74568832.0
2009-10-28,13.84,14.45,14.58,13.84,8282546.0,119211096.0
2009-10-29,14.25,15.24,15.54,14.11,7313364.0,110323200.0
2009-10-30,15.25,15.88,16.0,14.91,5893095.0,90574056.0
2009-11-02,15.45,15.89,16.61,15.31,6578838.0,105312208.0
2009-11-03,15.84,15.64,16.0,15.49,6917249.0,108721136.0
2009-11-04,15.64,15.32,15.76,15.11,7972115.0,122547744.0
2009-11-05,15.33,15.18,15.49,15.05,5836410.0,88712480.0
2009-11-06,15.37,15.9,16.02,15.17,8919672.0,139073344.0
2009-11-09,15.89,15.31,15.89,15.25,5743992.0,88607400.0
2009-11-10,15.39,15.47,15.67,15.01,6482710.0,99574240.0
2009-11-11,15.51,15.37,15.74,15.18,2954175.0,45585852.0
2009-11-12,15.48,15.24,15.56,15.21,3635379.0,55867516.0
2009-11-13,15.18,15.3,15.37,14.98,5097974.0,77276416.0
2009-11-16,15.47,16.09,16.38,15.37,10213555.0,162693232.0
2009-11-17,16.11,15.7,16.15,15.47,7524334.0,117771960.0
2009-11-18,15.7,15.5,15.74,15.38,3648624.0,56873892.0
2009-11-19,15.44,15.58,15.6,15.25,4224036.0,64971880.0
2009-11-20,15.57,15.45,15.63,15.24,4709355.0,72683488.0
2009-11-23,15.46,16.03,16.03,15.46,8296294.0,131491096.0
2009-11-24,16.14,15.32,16.36,15.18,6573547.0,104437928.0
2009-11-25,15.16,15.56,15.56,14.94,6198419.0,93810336.0
2009-11-26,15.64,14.73,16.11,14.31,9352637.0,144822416.0
2009-11-27,14.31,14.38,14.85,14.19,4277655.0,61443300.0
2009-11-30,14.52,15.06,15.11,14.52,6562574.0,97820776.0
2009-12-01,15.11,15.19,15.23,14.96,2798474.0,42271800.0
2009-12-02,15.27,15.18,15.45,15.18,3526521.0,53989704.0
2009-12-03,15.18,15.21,15.27,15.05,3391213.0,51365432.0
2009-12-04,15.31,16.73,16.73,15.31,19180860.0,307882208.0
2009-12-07,16.61,16.23,16.62,16.03,7017624.0,113742344.0
2009-12-08,16.23,16.12,16.23,15.58,7014397.0,111389400.0
2009-12-09,15.77,15.97,16.77,15.63,6749974.0,109512832.0
2009-12-10,15.97,15.93,16.34,15.76,4134664.0,66091868.0
2009-12-11,15.97,15.86,16.03,15.77,2756991.0,43731676.0
2009-12-14,15.77,15.46,15.77,15.24,3084200.0,47639700.0
2009-12-15,15.46,15.46,15.46,15.46,0.0,0.0
2009-12-16,15.53,15.24,15.74,15.23,4060433.0,62760640.0
2009-12-17,15.17,14.52,15.24,14.45,6099276.0,89655080.0
2009-12-18,14.44,14.52,14.68,14.29,4752560.0,68901120.0
2009-12-21,14.5,14.7,14.79,14.19,3286171.0,47990376.0
2009-12-22,14.73,13.79,14.83,13.73,6342751.0,89881096.0
2009-12-23,13.79,13.9,14.03,13.57,3777548.0,52284072.0
2009-12-24,14.04,14.51,14.58,13.9,5406811.0,77534976.0
2009-12-25,14.45,14.36,14.61,14.3,2818567.0,40713664.0
2009-12-28,14.42,14.79,14.94,14.38,4697820.0,69018600.0
2009-12-29,14.87,14.84,14.89,14.52,3050561.0,44996528.0
2009-12-30,14.78,14.9,14.91,14.63,3749919.0,55509224.0
2009-12-31,14.91,15.16,15.31,14.71,3223780.0,48773820.0
2010-01-04,15.37,15.03,15.44,14.98,2472026.0,37462820.0
2010-01-05,15.01,14.78,15.11,14.64,3783257.0,56027588.0
2010-01-06,14.9,14.33,14.9,14.32,7143734.0,103528151.0
2010-01-07,14.32,13.95,14.36,13.7,6609052.0,92003752.0
2010-01-08,13.95,14.02,14.06,13.59,5835061.0,80257952.0
2010-01-11,14.05,13.8,14.18,13.71,2969354.0,41033508.0
2010-01-12,13.78,14.25,14.25,13.72,4056173.0,56971238.0
2010-01-13,13.97,13.92,14.07,13.79,4950376.0,69000616.0
2010-01-14,13.92,14.38,14.43,13.9,4707398.0,66828120.0
2010-01-15,14.46,14.58,14.82,14.3,5288180.0,77121952.0
2010-01-18,14.65,15.05,15.19,14.47,4982669.0,74095696.0
2010-01-19,15.1,14.97,15.15,14.85,3311515.0,49432220.0
2010-01-20,15.11,14.52,15.3,14.45,4192033.0,62649812.0
2010-01-21,14.52,14.28,14.71,14.11,2644988.0,37804836.0
2010-01-22,14.25,13.4,14.25,13.2,5325946.0,72451224.0
2010-01-25,13.29,13.19,13.56,13.0,3946354.0,52137044.0
2010-01-26,13.2,12.64,13.32,12.54,4080960.0,52835228.0
2010-01-27,12.67,12.73,12.94,12.59,2770946.0,35468188.0
2010-01-28,12.75,12.79,12.94,12.67,1334066.0,17081154.0
2010-01-29,12.74,12.7,13.09,12.67,2441630.0,31400910.0
2010-02-01,12.75,12.87,12.97,12.35,2079380.0,26230290.0
2010-02-02,12.87,12.82,13.06,12.8,1378379.0,17844560.0
2010-02-03,12.97,13.25,13.32,12.87,2538537.0,33415312.0
2010-02-04,13.35,13.2,13.35,13.0,2788215.0,36694816.0
2010-02-05,12.73,12.87,13.04,12.73,1785451.0,23040320.0
2010-02-08,12.95,13.18,13.18,12.78,1100676.0,14303370.0
2010-02-09,13.18,13.22,13.28,12.97,2182000.0,28807290.0
2010-02-10,13.26,13.27,13.31,13.2,1601986.0,21215168.0
2010-02-11,13.3,13.23,13.39,13.2,1031592.0,13699642.0
2010-02-12,13.23,13.48,13.55,13.23,1762314.0,23664162.0
2010-02-22,13.31,13.48,13.62,13.2,1264737.0,17079414.0
2010-02-23,13.45,13.59,13.66,13.2,1488168.0,20017184.0
2010-02-24,13.52,13.81,13.92,13.33,1706582.0,23513812.0
2010-02-25,13.86,13.99,14.09,13.86,1534369.0,21461298.0
2010-02-26,13.99,14.16,14.28,13.92,2291646.0,32383128.0
2010-03-01,14.35,14.05,14.36,13.99,3976123.0,56076480.0
2010-03-02,14.04,13.65,14.12,13.61,4066964.0,56062468.0
2010-03-03,13.65,13.74,13.86,13.62,2427971.0,33366464.0
2010-03-04,13.76,13.92,14.19,13.76,4944330.0,69325520.0
2010-03-05,13.76,14.17,14.25,13.76,3732658.0,52414452.0
2010-03-08,14.19,14.54,14.67,14.19,5686572.0,82242688.0
2010-03-09,14.78,14.38,14.78,14.34,4970223.0,72294040.0
2010-03-10,14.38,14.15,14.68,14.11,3493581.0,50142460.0
2010-03-11,14.21,14.06,14.21,13.82,3974937.0,55594044.0
2010-03-12,14.05,13.61,14.12,13.56,4059405.0,56403464.0
2010-03-15,13.62,13.46,13.62,13.2,3582054.0,47634564.0
2010-03-16,13.43,13.68,13.74,13.22,2115370.0,28606284.0
2010-03-17,13.66,13.86,13.95,13.46,2705420.0,37295864.0
2010-03-18,13.91,13.66,13.95,13.59,2305486.0,31761168.0
2010-03-19,13.53,13.67,13.76,13.53,1139623.0,15549536.0
2010-03-22,13.79,13.74,13.92,13.68,1399233.0,19244098.0
2010-03-23,13.74,13.97,13.98,13.7,2547035.0,35359876.0
2010-03-24,13.99,14.16,14.37,13.9,4879203.0,69240152.0
2010-03-25,14.18,13.9,14.25,13.88,2091394.0,29265128.0
2010-03-26,13.87,14.17,14.21,13.86,3021475.0,42558036.0
2010-03-29,14.21,14.36,14.42,14.09,2469095.0,35232228.0
2010-03-30,14.36,14.38,14.55,14.19,3049924.0,44076252.0
2010-03-31,14.48,14.12,14.48,14.05,2085844.0,29593348.0
2010-04-01,14.12,14.29,14.31,14.06,2787830.0,39516556.0
2010-04-02,14.4,14.56,14.63,14.32,3878269.0,56283192.0
2010-04-06,14.63,14.32,14.68,14.26,2560763.0,36905956.0
2010-04-07,14.32,14.15,14.32,14.12,1455749.0,20645604.0
2010-04-08,14.14,14.3,14.41,14.05,2234458.0,31972928.0
2010-04-09,14.35,14.56,14.57,14.3,4555390.0,66135772.0
2010-04-12,14.65,14.55,14.84,14.34,5174921.0,75661448.0
2010-04-13,14.48,14.64,14.83,14.38,3951248.0,57726528.0
2010-04-14,14.71,14.63,14.78,14.44,3101155.0,45112572.0
2010-04-15,14.64,14.83,14.87,14.46,4904567.0,72308856.0
2010-04-16,14.9,14.61,14.9,14.57,3089137.0,45656864.0
2010-04-19,14.52,13.86,14.52,13.82,3478001.0,49432408.0
2010-04-20,13.79,13.72,13.95,13.28,2021574.0,27467270.0
2010-04-21,13.72,13.99,14.19,13.59,2255150.0,31395684.0
2010-04-22,13.94,13.62,13.94,13.59,3293335.0,45022292.0
2010-04-23,13.56,13.45,13.77,13.36,2660464.0,35902904.0
2010-04-26,13.79,14.4,14.77,13.79,8665792.0,124655240.0
2010-04-27,14.35,14.62,14.67,13.99,11115235.0,160361248.0
2010-04-28,14.65,15.07,15.34,14.52,11357324.0,171043568.0
2010-04-29,15.16,13.86,15.37,13.57,6856404.0,101245728.0
2010-04-30,13.94,15.0,15.0,13.94,7869998.0,114262032.0
2010-05-04,14.71,15.17,15.29,14.52,9066359.0,136310000.0
2010-05-05,15.03,15.16,15.22,14.5,6522996.0,97203144.0
2010-05-06,15.18,14.52,15.18,14.28,5576370.0,81979816.0
2010-05-07,14.19,14.62,14.98,14.06,7768720.0,113890688.0
2010-05-10,14.6,14.28,14.71,13.3,8530385.0,120054328.0
2010-05-11,14.45,13.2,14.59,13.14,6210565.0,85676840.0
2010-05-12,13.13,13.2,13.32,12.9,2694586.0,35247712.0
2010-05-13,13.25,13.6,13.75,13.2,2920563.0,39497216.0
2010-05-14,13.56,13.43,13.72,13.36,1821866.0,24565786.0
2010-05-17,13.33,12.63,13.33,12.46,2107586.0,27295390.0
2010-05-18,12.67,12.57,12.85,12.0,2847190.0,35244208.0
2010-05-19,12.61,12.44,12.71,12.24,1707543.0,21329192.0
2010-05-20,12.36,11.8,12.66,11.8,4418516.0,53837296.0
2010-05-21,11.41,12.05,12.09,11.34,2887178.0,34077464.0
2010-05-24,12.19,12.63,12.75,12.07,3309026.0,41640652.0
2010-05-25,12.62,12.51,12.62,12.34,2548732.0,31674126.0
2010-05-26,12.47,12.51,12.64,12.4,1026306.0,12826829.0
2010-05-27,12.47,12.59,12.6,12.21,2218268.0,27602444.0
2010-05-28,12.67,12.45,12.91,12.38,2111870.0,26515152.0
2010-05-31,12.35,12.28,12.46,12.23,1966139.0,24256494.0
2010-06-01,12.21,11.94,12.4,11.91,2067096.0,24965560.0
2010-06-02,11.96,12.19,12.5,11.96,2183144.0,26695638.0
2010-06-03,12.4,12.25,12.47,12.25,3085370.0,38236736.0
2010-06-04,12.25,12.16,12.25,12.03,936669.0,11364868.0
2010-06-07,12.01,12.01,12.06,11.92,1466839.0,17562094.0
2010-06-08,11.94,12.03,12.28,11.92,1346206.0,16280380.0
2010-06-09,12.19,12.34,12.4,11.94,2020710.0,24543394.0
2010-06-10,12.29,12.29,12.38,12.07,2152509.0,26294708.0
2010-06-11,12.25,12.36,12.48,12.25,2641005.0,32652552.0
2010-06-17,12.42,12.43,12.49,12.38,1591742.0,19792504.0
2010-06-18,12.43,12.11,12.43,12.07,1283265.0,15647891.0
2010-06-21,12.11,12.42,12.5,12.04,1737681.0,21382578.0
2010-06-22,12.41,12.46,12.59,12.34,1119211.0,13971600.0
2010-06-23,12.4,12.67,12.67,12.34,1854540.0,23244280.0
2010-06-24,12.67,12.77,12.89,12.54,2124668.0,27193708.0
2010-06-25,12.73,12.5,12.73,12.4,1525477.0,19116986.0
2010-06-28,12.54,12.31,12.56,12.26,882803.0,10886522.0
2010-06-29,12.21,11.88,12.39,11.85,1556086.0,18885124.0
2010-06-30,11.88,11.88,11.88,11.88,0.0,0.0
2010-07-01,11.94,12.09,12.2,11.88,1130881.0,13615455.0
2010-07-02,12.13,12.44,12.6,12.0,3028288.0,37443400.0
2010-07-05,12.27,12.76,12.98,12.16,2567984.0,32553360.0
2010-07-06,12.67,12.89,13.01,12.6,2064106.0,26615708.0
2010-07-07,12.89,12.97,13.03,12.83,1597223.0,20653016.0
2010-07-08,12.97,13.03,13.12,12.85,1456489.0,18931124.0
2010-07-09,13.08,13.37,13.47,12.87,2376313.0,31441312.0
2010-07-12,13.37,13.77,13.96,13.27,2202326.0,30250102.0
2010-07-13,13.59,13.68,13.81,13.3,2180121.0,29592382.0
2010-07-14,13.92,14.39,14.71,13.86,4623395.0,66348144.0
2010-07-15,13.86,14.17,14.42,13.86,2246886.0,31782950.0
2010-07-16,14.16,14.2,14.22,13.7,2411592.0,33691604.0
2010-07-19,14.11,14.41,14.54,13.91,3032584.0,43163464.0
2010-07-20,14.31,14.55,14.96,14.31,2777237.0,40836956.0
2010-07-21,14.62,14.62,14.85,14.55,2993849.0,43963476.0
2010-07-22,14.62,14.57,14.68,14.46,2116102.0,30873928.0
2010-07-23,14.62,14.48,14.72,14.35,2011019.0,29069436.0
2010-07-26,14.47,14.65,14.84,14.38,2296491.0,33553802.0
2010-07-27,14.72,14.47,14.72,14.46,2541152.0,37007456.0
2010-07-28,14.47,15.63,15.86,14.45,7358606.0,111704160.0
2010-07-29,15.66,16.2,16.24,15.66,13952709.0,225355904.0
2010-07-30,16.2,16.21,16.32,15.93,2283680.0,36845992.0
2010-08-02,16.21,16.38,16.51,16.12,4782780.0,77927824.0
2010-08-03,16.2,15.93,16.44,15.93,4396056.0,71160368.0
2010-08-04,15.87,16.27,16.47,15.73,3514693.0,56205684.0
2010-08-05,16.28,16.2,16.4,16.07,1665445.0,27014846.0
2010-08-06,16.2,16.46,16.51,15.97,2626726.0,42662520.0
2010-08-09,16.47,16.37,16.54,16.09,1972061.0,32089086.0
2010-08-10,16.36,16.58,17.2,16.3,5566594.0,93753240.0
2010-08-11,16.59,16.53,16.81,16.17,2403195.0,39414300.0
2010-08-12,16.21,16.2,16.42,15.98,3436242.0,55671700.0
2010-08-13,16.19,16.61,16.63,15.86,2557067.0,41503128.0
2010-08-16,16.59,17.29,17.42,16.49,3278121.0,56163000.0
2010-08-17,17.29,17.75,17.89,17.02,3460903.0,60644500.0
2010-08-18,17.75,17.73,18.21,17.48,3101041.0,55548620.0
2010-08-19,17.62,17.89,17.95,17.5,1582539.0,27951956.0
2010-08-20,17.75,17.11,17.75,16.88,2349528.0,40542132.0
2010-08-23,16.88,16.96,17.38,16.88,1462156.0,25014740.0
2010-08-24,16.88,17.54,17.67,16.75,2415626.0,41698624.0
2010-08-25,17.46,17.15,17.47,17.12,2601195.0,44772100.0
2010-08-26,17.15,17.17,17.38,16.96,1939331.0,33296940.0
2010-08-27,17.16,17.26,17.35,16.88,887161.0,15244731.0
2010-08-30,17.28,18.59,18.83,17.28,5265567.0,96741680.0
2010-08-31,18.58,18.83,19.71,18.58,4976836.0,95078504.0
2010-09-01,19.1,18.86,19.1,18.53,3027414.0,57024884.0
2010-09-02,18.86,20.75,20.75,18.86,5559999.0,113209080.0
2010-09-03,20.76,20.41,21.42,19.58,5461537.0,112516064.0
2010-09-06,20.64,20.12,20.7,19.29,3041959.0,61806620.0
2010-09-07,19.99,20.5,20.58,19.98,1094068.0,22165832.0
2010-09-08,20.32,20.52,20.7,20.24,2048945.0,41945648.0
2010-09-09,20.45,19.91,20.51,19.64,1784567.0,35697968.0
2010-09-10,19.91,20.25,20.35,19.9,2100763.0,42234868.0
2010-09-13,20.12,20.47,21.04,20.12,2521088.0,52033240.0
2010-09-14,20.49,20.32,20.99,20.12,1833268.0,37586104.0
2010-09-15,20.32,20.32,20.32,20.32,0.0,0.0
2010-09-16,19.91,19.24,20.04,18.9,5033278.0,98243560.0
2010-09-17,19.21,19.52,19.7,18.99,2075665.0,40334616.0
2010-09-20,19.91,20.19,20.21,19.28,1499774.0,29768668.0
2010-09-21,20.24,20.18,20.44,19.92,846919.0,17103008.0
2010-09-27,20.39,20.81,20.86,20.29,1142030.0,23633030.0
2010-09-28,20.83,20.64,20.89,20.51,1137195.0,23577250.0
2010-09-29,20.65,19.64,20.78,19.58,1322233.0,26457032.0
2010-09-30,19.57,20.18,20.35,19.57,870291.0,17513204.0
2010-10-08,20.27,20.93,21.39,20.27,2335484.0,48939300.0
2010-10-11,21.12,21.25,21.54,20.79,2526669.0,53680852.0
2010-10-12,21.26,23.16,23.28,21.26,2673742.0,60683220.0
2010-10-13,22.95,23.17,23.63,22.49,3494048.0,80978688.0
2010-10-14,23.17,21.97,23.22,21.95,4317920.0,98053760.0
2010-10-15,21.62,22.14,23.29,20.97,2205843.0,49015180.0
2010-10-18,21.94,21.1,22.28,20.93,3555490.0,76034072.0
2010-10-19,21.1,21.86,22.14,20.93,3218045.0,68737832.0
2010-10-20,21.26,22.62,22.95,21.04,4065902.0,90594456.0
2010-10-21,22.62,22.28,23.71,22.2,3050632.0,70165112.0
2010-10-22,22.28,23.23,23.31,21.93,4209984.0,94186112.0
2010-10-25,23.09,23.63,23.79,22.76,3584447.0,83773504.0
2010-10-26,23.29,23.09,23.53,22.82,3400347.0,78800192.0
2010-10-27,23.05,22.08,23.29,21.79,3858722.0,86515200.0
2010-10-28,22.01,21.58,22.08,21.52,3305368.0,71630624.0
2010-10-29,21.67,21.12,21.67,20.5,9007570.0,188047424.0
2010-11-01,20.79,21.99,22.31,20.72,6146001.0,132957184.0
2010-11-02,22.05,21.21,22.07,21.1,4884859.0,104382728.0
2010-11-03,21.2,20.66,21.22,20.66,3463042.0,71939944.0
2010-11-04,20.45,20.59,21.1,20.39,8950904.0,183900976.0
2010-11-05,20.76,20.58,20.89,20.24,9631441.0,196839120.0
2010-11-08,20.61,21.57,21.72,20.61,8533282.0,180735216.0
2010-11-09,21.67,21.6,21.74,20.93,5598331.0,119496272.0
2010-11-10,21.46,20.93,21.46,20.66,7532853.0,158053088.0
2010-11-11,20.79,21.0,21.2,20.68,8034208.0,168666896.0
2010-11-12,20.97,19.89,20.97,19.63,7545342.0,152777664.0
2010-11-15,19.79,20.08,20.37,19.75,3353577.0,67588240.0
2010-11-16,20.04,18.44,20.04,18.43,7651512.0,145816368.0
2010-11-17,18.15,17.79,18.46,17.53,5167712.0,92382704.0
2010-11-18,17.96,18.25,18.67,17.69,3421956.0,61838828.0
2010-11-19,18.43,18.61,18.69,17.75,2903148.0,53267652.0
2010-11-22,18.43,18.47,18.83,18.23,3795924.0,70417104.0
2010-11-23,18.42,18.54,18.83,18.42,4131003.0,76973496.0
2010-11-24,18.5,19.29,19.31,18.36,4670519.0,88343672.0
2010-11-25,19.44,19.1,19.78,19.06,5002312.0,97344800.0
2010-11-26,19.1,18.55,19.1,18.43,5243952.0,97570672.0
2010-11-29,18.48,18.9,18.96,18.09,3617794.0,66796344.0
2010-11-30,18.89,18.67,19.42,17.48,4233262.0,78449784.0
2010-12-01,18.43,18.64,18.71,18.43,1494808.0,27779990.0
2010-12-02,18.97,18.6,19.1,18.59,2578297.0,48631404.0
2010-12-03,18.78,18.97,19.23,18.73,4527204.0,85858560.0
2010-12-06,19.02,19.29,19.34,19.02,4259675.0,81843544.0
2010-12-07,19.44,19.48,19.61,19.16,4493073.0,87375024.0
2010-12-08,19.48,19.25,19.77,19.09,3470679.0,66753368.0
2010-12-09,19.09,18.08,19.1,17.81,4789187.0,88358104.0
2010-12-10,18.01,18.72,18.73,17.61,3945522.0,71902376.0
2010-12-13,18.46,19.48,19.6,18.46,4672766.0,89567864.0
2010-12-14,19.49,19.7,19.73,19.28,4602525.0,89915360.0
2010-12-15,19.7,19.7,19.7,19.7,0.0,0.0
2010-12-16,19.58,19.35,20.05,19.25,3818537.0,75203016.0
2010-12-17,19.34,19.28,19.49,19.1,1521389.0,29319606.0
2010-12-20,19.35,18.16,19.54,18.14,7375901.0,136251552.0
2010-12-21,18.31,18.53,18.59,18.06,3998504.0,73365528.0
2010-12-22,18.53,18.36,18.6,18.09,6842112.0,124960080.0
2010-12-23,18.43,18.46,18.72,18.29,3391019.0,62710760.0
2010-12-24,18.37,18.16,18.46,18.15,2056266.0,37583464.0
2010-12-27,18.22,17.86,18.52,17.65,3300826.0,59885624.0
2010-12-28,17.71,17.69,18.02,17.56,2738105.0,48612396.0
2010-12-29,17.69,18.23,18.23,17.08,3500230.0,61418964.0
2010-12-30,18.04,18.46,18.56,17.79,3218518.0,58615484.0
2010-12-31,18.42,18.59,18.65,18.06,2712363.0,49904276.0
2011-01-04,18.59,18.47,18.77,17.99,4146648.0,76488224.0
2011-01-05,18.47,18.38,18.53,18.23,2143628.0,39404200.0
2011-01-06,18.44,17.98,18.44,17.98,2291493.0,41536912.0
2011-01-07,17.96,17.96,18.38,17.86,2253867.0,40871300.0
2011-01-10,17.96,17.36,18.08,17.35,1431198.0,25309338.0
2011-01-11,17.37,17.49,17.55,17.22,702212.0,12207999.0
2011-01-12,17.62,17.57,17.79,17.23,1317774.0,23067370.0
2011-01-13,17.69,18.02,18.16,17.57,2439032.0,43805036.0
2011-01-14,17.99,17.55,18.09,17.48,2323485.0,41197544.0
2011-01-17,17.56,17.21,17.72,17.0,2142726.0,36980508.0
2011-01-18,17.02,16.69,17.03,16.62,2147543.0,35904200.0
2011-01-19,16.78,17.07,17.09,16.54,1846277.0,31235382.0
2011-01-20,16.98,16.49,16.98,16.47,2060723.0,34701552.0
2011-01-21,16.47,16.77,16.94,16.07,2792041.0,46091400.0
2011-01-24,16.77,16.1,16.77,16.1,1928562.0,31645778.0
2011-01-25,16.1,16.21,16.27,15.9,1192008.0,19112230.0
2011-01-26,16.36,16.23,16.37,16.15,1306455.0,21204716.0
2011-01-27,16.2,16.93,16.96,16.03,2570735.0,42800220.0
2011-01-28,16.92,18.12,18.12,16.8,4388981.0,76961320.0
2011-01-31,18.05,18.53,18.71,17.78,4774880.0,87959544.0
2011-02-01,18.53,18.12,18.7,17.96,1874533.0,34292776.0
2011-02-09,18.05,17.63,18.23,17.49,2654946.0,47613424.0
2011-02-10,18.09,19.4,19.4,17.93,7164263.0,135984272.0
2011-02-11,19.68,19.93,20.35,19.5,9220843.0,183817664.0
2011-02-14,19.91,20.39,20.71,19.91,6947192.0,141471136.0
2011-02-15,20.37,20.16,20.49,20.05,4607116.0,93494552.0
2011-02-16,20.16,20.52,20.72,20.02,2817182.0,57664244.0
2011-02-17,20.27,20.44,20.66,19.98,2283308.0,46363800.0
2011-02-18,20.41,20.13,20.41,19.75,2009581.0,40206036.0
2011-02-21,19.91,20.25,20.39,19.9,2852631.0,57751312.0
2011-02-22,20.32,19.24,20.35,19.2,3051574.0,59848032.0
2011-02-23,19.14,19.24,19.51,19.04,1303635.0,25091558.0
2011-02-24,19.24,19.17,19.71,19.1,2462075.0,47533220.0
2011-02-25,19.3,19.43,19.5,19.0,1351358.0,26008740.0
2011-02-28,19.46,20.21,20.32,19.05,2808121.0,55770060.0
2011-03-01,20.32,20.19,20.67,19.91,2416775.0,49065696.0
2011-03-02,19.92,19.69,20.11,19.44,1459171.0,28720556.0
2011-03-03,19.81,21.58,21.6,19.81,10393415.0,216276112.0
2011-03-04,21.37,21.6,21.67,20.96,10701958.0,227497088.0
2011-03-07,21.34,21.89,22.03,21.33,8951775.0,193885152.0
2011-03-08,21.74,21.53,21.99,21.05,5803832.0,125203448.0
2011-03-09,21.53,21.62,21.94,20.89,5038183.0,108910360.0
2011-03-10,21.47,21.26,21.59,21.08,1906304.0,40579896.0
2011-03-11,21.13,20.94,21.4,20.94,3549799.0,75266160.0
2011-03-14,21.26,21.29,21.37,20.65,2251154.0,47312828.0
2011-03-15,21.02,20.93,21.26,20.48,3339686.0,69697336.0
2011-03-16,20.89,20.94,21.06,20.59,5120545.0,106201808.0
2011-03-17,20.85,20.42,20.85,20.42,2048360.0,42230572.0
2011-03-18,20.66,20.92,20.95,20.3,4808069.0,98976728.0
2011-03-21,20.9,20.73,20.93,20.37,3483103.0,71813600.0
2011-03-22,20.86,22.01,22.13,20.79,5345021.0,115987320.0
2011-03-23,21.97,22.31,22.51,21.41,4665395.0,103898224.0
2011-03-24,22.09,22.21,22.48,22.01,3086645.0,68818192.0
2011-03-25,22.14,23.44,23.75,22.08,4386906.0,101524200.0
2011-03-28,23.28,23.16,24.11,22.68,4324310.0,100647232.0
2011-03-29,22.97,22.7,23.76,22.66,2633193.0,61323212.0
2011-03-30,22.61,23.26,23.28,21.95,2838411.0,64313732.0
2011-03-31,22.97,23.29,23.56,22.64,1790549.0,41662788.0
2011-04-01,23.09,22.82,23.36,22.55,2923555.0,66957676.0
2011-04-06,22.95,22.47,23.51,21.94,1861284.0,42406264.0
2011-04-07,22.29,22.04,22.78,21.55,3723754.0,82129440.0
2011-04-08,22.14,22.55,22.8,21.77,2518820.0,56543584.0
2011-04-11,22.51,22.61,23.01,22.28,1514270.0,34276360.0
2011-04-12,22.62,22.3,22.95,22.26,1920412.0,43332624.0
2011-04-13,22.33,22.41,22.59,21.85,1536467.0,34144808.0
2011-04-14,22.41,21.96,22.61,21.95,1589580.0,35189552.0
2011-04-15,22.01,21.41,22.01,21.33,1996528.0,43092024.0
2011-04-18,21.4,21.48,21.55,20.76,2361543.0,49873636.0
2011-04-19,21.27,21.1,21.43,20.83,1517200.0,32076854.0
2011-04-20,21.1,21.22,21.33,20.5,1965897.0,40866412.0
2011-04-21,21.18,21.37,21.51,21.03,981680.0,20925178.0
2011-04-22,21.37,21.06,21.47,20.96,1093640.0,23098098.0
2011-04-25,21.06,20.63,21.06,20.33,1396020.0,28800480.0
2011-04-26,20.19,19.29,20.32,18.77,7123877.0,138335200.0
2011-04-27,19.24,19.24,19.28,18.42,3293273.0,62202164.0
2011-04-28,18.6,18.91,19.27,18.56,850057.0,16219863.0
2011-04-29,18.77,19.04,19.06,18.71,1308434.0,24766178.0
2011-05-03,19.1,18.32,19.11,18.2,3844006.0,70515864.0
2011-05-04,18.29,17.01,18.29,16.73,11627474.0,200099584.0
2011-05-05,16.86,16.86,17.05,16.74,3784215.0,63984644.0
2011-05-06,16.86,17.15,17.23,16.74,5212123.0,88570024.0
2011-05-09,17.14,16.9,17.32,16.78,7457309.0,126679208.0
2011-05-10,16.88,17.05,17.05,16.61,6370661.0,107592368.0
2011-05-11,16.94,16.86,17.08,16.8,4208711.0,71212976.0
2011-05-12,16.79,17.08,17.25,16.67,5494500.0,93519760.0
2011-05-13,17.07,17.19,17.2,16.88,3087031.0,52743856.0
2011-05-16,17.21,17.59,17.68,17.13,5151940.0,90150888.0
2011-05-17,17.59,17.66,17.88,17.31,4376362.0,77305400.0
2011-05-18,17.55,17.57,17.73,17.28,2305022.0,40525156.0
2011-05-19,17.7,17.33,17.7,17.27,2961057.0,51578276.0
2011-05-20,17.35,17.15,17.35,16.93,1960551.0,33603736.0
2011-05-23,17.1,16.67,17.13,16.61,1482047.0,24956716.0
2011-05-24,16.55,16.54,16.78,16.31,1194827.0,19700820.0
2011-05-25,16.56,16.36,16.84,16.34,1395359.0,23182420.0
2011-05-26,16.58,16.07,16.66,16.03,2150962.0,34888504.0
2011-05-27,16.05,16.13,16.37,16.01,2129056.0,34454216.0
2011-05-30,16.13,16.06,16.34,16.01,1139472.0,18418024.0
2011-05-31,16.07,16.98,17.01,16.07,1920833.0,31872286.0
2011-06-01,17.01,17.34,17.79,16.78,3768618.0,65354612.0
2011-06-02,17.08,17.1,17.38,16.64,2399217.0,40826176.0
2011-06-03,17.04,17.28,17.55,17.01,2388639.0,41456220.0
2011-06-07,17.21,17.32,17.67,17.06,3544256.0,61944108.0
2011-06-08,17.32,17.57,17.59,17.17,2730948.0,47670384.0
2011-06-09,17.55,17.28,17.55,17.12,1348153.0,23334478.0
2011-06-10,17.28,16.74,17.28,16.34,1478381.0,24781126.0
2011-06-13,16.42,17.06,17.21,16.25,1485449.0,24721458.0
2011-06-14,17.04,17.17,17.46,16.78,1230048.0,21274808.0
2011-06-15,17.15,17.15,17.42,17.06,923632.0,15942888.0
2011-06-16,16.9,16.98,17.15,16.76,834359.0,14094467.0
2011-06-17,16.98,16.74,17.05,16.74,745359.0,12587591.0
2011-06-20,16.79,16.66,16.86,16.54,2129665.0,35521452.0
2011-06-21,16.81,17.3,17.3,16.66,2553287.0,43716028.0
2011-06-22,17.2,17.42,17.57,17.2,2435952.0,42384848.0
2011-06-23,17.42,17.42,17.42,17.42,0.0,0.0
2011-06-24,17.75,17.86,18.15,17.75,4021123.0,72256112.0
2011-06-27,17.86,17.86,18.0,17.65,1699299.0,30299958.0
2011-06-28,17.82,18.02,18.19,17.71,2772054.0,49932472.0
2011-06-29,17.96,17.57,18.15,17.55,1714808.0,30711428.0
2011-06-30,17.55,17.73,17.92,17.53,2221167.0,39384704.0
2011-07-01,18.87,18.26,18.9,18.16,5393900.0,99492560.0
2011-07-04,18.91,19.57,19.91,18.65,9003661.0,172013840.0
2011-07-05,19.59,19.04,19.59,18.31,11329284.0,215851200.0
2011-07-06,18.56,18.65,18.77,18.33,6967449.0,129118584.0
2011-07-07,18.54,18.29,18.55,18.14,8805244.0,161112832.0
2011-07-08,18.09,18.02,18.26,17.96,3923246.0,70763664.0
2011-07-11,17.89,18.31,18.45,17.89,6037234.0,109959648.0
2011-07-12,18.23,18.21,18.37,18.13,3337422.0,60932136.0
2011-07-13,18.33,18.29,18.33,17.99,5063909.0,91934760.0
2011-07-14,18.35,18.21,18.42,18.04,4660265.0,84640984.0
2011-07-15,18.28,18.76,18.77,18.28,6891476.0,127916072.0
2011-07-18,18.76,18.16,18.76,18.16,6114522.0,111989008.0
2011-07-19,18.02,17.66,18.02,17.58,3569314.0,63206460.0
2011-07-20,17.75,17.64,17.94,17.44,3505877.0,61878704.0
2011-07-21,17.64,17.44,17.64,17.43,3071351.0,53661424.0
2011-07-22,17.5,17.5,17.62,17.43,2173112.0,38040352.0
2011-07-25,17.44,17.05,17.5,17.03,3377284.0,58212856.0
2011-07-26,17.11,17.35,17.41,16.86,2467852.0,42187064.0
2011-07-27,17.34,17.64,17.74,17.08,3098726.0,54281432.0
2011-07-28,17.4,17.57,17.59,17.33,1537888.0,26830562.0
2011-07-29,17.53,17.3,17.53,17.3,1495641.0,26037504.0
2011-08-01,17.25,17.28,17.46,17.25,1421227.0,24665128.0
2011-08-02,17.27,17.1,17.35,16.98,1389377.0,23747404.0
2011-08-03,16.97,17.35,17.73,16.85,1936493.0,33437352.0
2011-08-04,17.25,17.18,17.55,17.18,1763496.0,30535540.0
2011-08-05,15.62,16.9,16.92,15.62,3230649.0,54097192.0
2011-08-08,16.73,16.75,16.83,16.0,4281472.0,71291904.0
2011-08-09,16.42,16.91,17.06,16.2,2112340.0,35453096.0
2011-08-10,17.15,17.02,17.23,17.02,1316187.0,22524592.0
2011-08-11,16.69,17.16,17.34,16.62,1734962.0,29683156.0
2011-08-12,17.32,17.09,17.48,16.98,2185590.0,37639504.0
2011-08-15,17.09,17.18,17.29,17.09,1656172.0,28487712.0
2011-08-16,17.16,16.84,17.25,16.83,1354101.0,23043286.0
2011-08-17,16.95,16.77,16.95,16.75,828320.0,13925140.0
2011-08-18,16.77,16.27,16.77,16.22,1441847.0,23692688.0
2011-08-19,16.0,15.72,16.16,15.31,2981184.0,46816264.0
2011-08-22,15.63,15.63,15.86,15.58,1220598.0,19200772.0
2011-08-23,15.76,15.74,15.81,15.61,1735179.0,27241912.0
2011-08-24,15.9,15.74,15.9,15.67,1663648.0,26239622.0
2011-08-25,15.78,16.39,16.46,15.71,4085354.0,66077328.0
2011-08-26,16.38,16.15,16.38,16.09,1976003.0,31990862.0
2011-08-29,16.13,16.07,16.14,16.0,1015573.0,16325805.0
2011-08-30,16.25,15.72,16.25,15.71,1113505.0,17784720.0
2011-08-31,15.65,15.69,15.78,15.58,838208.0,13135159.0
2011-09-01,15.65,15.54,15.82,15.51,1185639.0,18578270.0
2011-09-02,15.47,15.41,15.61,15.33,733272.0,11304837.0
2011-09-05,15.3,15.18,15.43,15.17,1272540.0,19425546.0
2011-09-06,15.15,14.79,15.22,14.64,1483212.0,22187712.0
2011-09-07,14.86,14.95,14.98,14.54,1787419.0,26530296.0
2011-09-08,14.95,14.64,14.99,14.54,3956962.0,58186760.0
2011-09-09,14.71,13.92,14.73,13.84,5058676.0,71510192.0
2011-09-13,13.79,13.67,13.79,13.14,2771348.0,37525224.0
2011-09-14,13.67,13.9,13.92,13.49,1949243.0,26805498.0
2011-09-15,13.98,13.91,14.32,13.7,1600515.0,22490186.0
2011-09-16,13.94,13.92,14.13,13.78,1299598.0,18124658.0
2011-09-19,13.85,13.74,13.89,13.64,851712.0,11702218.0
2011-09-20,13.74,14.24,14.27,13.72,2753254.0,38817752.0
2011-09-21,14.17,14.81,14.87,14.17,4757568.0,69285640.0
2011-09-22,14.61,14.63,14.74,14.31,1568681.0,22797590.0
2011-09-23,14.24,14.4,14.64,14.2,890602.0,12889334.0
2011-09-26,14.28,14.24,14.59,14.2,1101022.0,15856049.0
2011-09-27,14.44,14.65,14.73,14.4,1133558.0,16511996.0
2011-09-28,14.74,14.53,14.92,14.38,1755716.0,25805830.0
2011-09-29,14.34,14.26,14.52,14.07,1301988.0,18575920.0
2011-09-30,14.44,14.01,14.44,13.98,674172.0,9498809.0
2011-10-10,14.1,13.74,14.17,13.71,453064.0,6273120.0
2011-10-11,14.06,13.56,14.24,13.41,929730.0,12796116.0
2011-10-12,13.53,13.99,14.07,13.42,1563719.0,21622218.0
2011-10-13,14.05,14.29,14.36,13.94,1274788.0,18101760.0
2011-10-14,14.15,14.03,14.39,13.99,755089.0,10644954.0
2011-10-17,14.12,14.16,14.26,14.03,419426.0,5930414.0
2011-10-18,14.12,13.96,14.21,13.76,753871.0,10541140.0
2011-10-19,13.9,13.67,13.98,13.57,535690.0,7350367.0
2011-10-20,13.6,13.62,13.75,13.22,1625246.0,21732864.0
2011-10-21,13.46,13.47,13.59,13.23,582655.0,7789443.0
2011-10-24,13.48,13.7,13.77,13.32,928306.0,12596647.0
2011-10-25,13.7,14.03,14.07,13.56,1612420.0,22346412.0
2011-10-26,13.97,14.28,14.37,13.85,1773562.0,25298100.0
2011-10-27,14.33,14.97,15.06,14.33,4898924.0,72927752.0
2011-10-28,15.02,15.51,15.77,15.02,3958672.0,61742936.0
2011-10-31,15.7,15.4,15.7,15.13,1962104.0,30240306.0
2011-11-01,15.29,15.33,15.5,15.14,3835465.0,58780312.0
2011-11-02,15.15,15.33,15.37,14.88,2727617.0,41255700.0
2011-11-03,15.43,15.41,15.77,15.4,2064000.0,32160798.0
2011-11-04,15.4,15.2,15.58,15.13,2196692.0,33778276.0
2011-11-07,15.23,14.85,15.27,14.85,1299911.0,19548894.0
2011-11-08,14.82,14.64,15.0,14.53,2216632.0,32698934.0
2011-11-09,14.71,15.11,15.13,14.56,1978145.0,29363342.0
2011-11-10,14.98,14.78,14.98,14.67,1626819.0,24064216.0
2011-11-11,14.79,14.67,14.88,14.54,2349753.0,34370096.0
2011-11-14,14.68,15.26,15.3,14.67,2668131.0,40142232.0
2011-11-15,15.26,15.24,15.47,15.17,1691340.0,25894504.0
2011-11-16,15.29,14.97,15.29,14.86,2214753.0,33228188.0
2011-11-17,14.88,15.05,15.12,14.88,1472015.0,22107720.0
2011-11-18,15.01,14.89,15.01,14.53,2467255.0,36382776.0
2011-11-21,14.88,14.81,15.16,14.56,1785398.0,26497386.0
2011-11-22,14.74,14.78,14.83,14.48,1772215.0,25952470.0
2011-11-23,14.74,14.53,14.78,14.42,1064573.0,15491221.0
2011-11-24,14.27,14.67,14.81,14.27,1490078.0,21680110.0
2011-11-25,14.67,14.47,14.73,14.42,883177.0,12808668.0
2011-11-28,14.47,14.49,14.6,14.4,554117.0,8031058.0
2011-11-29,14.6,14.67,14.7,14.47,1052151.0,15355658.0
2011-11-30,14.52,14.19,14.67,13.78,2840521.0,40170092.0
2011-12-01,14.34,14.44,14.67,14.33,1440599.0,20968132.0
2011-12-02,14.28,13.94,14.4,13.94,651849.0,9204386.0
2011-12-05,13.94,13.76,14.02,13.6,703868.0,9758064.0
2011-12-06,13.57,13.83,13.94,13.57,443408.0,6123122.0
2011-12-07,13.78,13.83,13.97,13.72,466613.0,6473151.0
2011-12-08,13.71,13.92,13.96,13.67,375881.0,5204909.0
2011-12-09,13.9,13.91,13.96,13.77,330713.0,4583173.0
2011-12-12,13.8,13.49,13.9,13.43,859439.0,11756623.0
2011-12-13,13.33,13.43,13.55,12.96,991870.0,13127254.0
2011-12-14,13.28,13.36,13.53,13.28,257238.0,3452725.0
2011-12-15,13.21,13.35,13.46,12.98,928630.0,12374761.0
2011-12-16,13.21,13.72,13.77,13.21,876736.0,11942086.0
2011-12-19,13.63,13.94,13.96,13.5,745467.0,10274798.0
2011-12-20,14.01,14.03,14.15,13.88,889737.0,12501299.0
2011-12-21,14.24,13.58,14.24,13.58,513001.0,7128707.0
2011-12-22,13.53,13.54,13.8,13.11,800844.0,10683405.0
2011-12-23,13.24,13.62,13.77,13.24,403569.0,5509456.0
2011-12-26,13.39,13.56,13.62,13.29,808817.0,10909682.0
2011-12-27,13.55,13.4,13.6,13.25,770835.0,10279331.0
2011-12-28,13.38,13.42,13.45,13.06,860620.0,11439700.0
2011-12-29,13.42,13.53,13.56,13.26,888054.0,11920354.0
2011-12-30,13.45,13.9,13.9,13.45,1100138.0,15007216.0
2012-01-04,13.94,13.91,14.17,13.49,1631488.0,22842046.0
2012-01-05,13.74,13.9,14.1,13.74,998742.0,13960265.0
2012-01-06,13.54,13.99,14.05,13.53,1469314.0,20281952.0
2012-01-09,14.01,14.38,14.42,13.8,3885032.0,54392692.0
2012-01-10,14.43,14.63,14.73,14.26,2560380.0,37051568.0
2012-01-11,14.57,14.4,14.6,14.36,1554796.0,22509216.0
2012-01-12,14.29,14.19,14.51,14.12,2693130.0,38337132.0
2012-01-13,14.33,13.46,14.33,13.42,2162329.0,30072334.0
2012-01-16,13.42,13.43,13.7,13.28,1542849.0,20859936.0
2012-01-17,13.44,14.26,14.42,13.44,2311560.0,32238200.0
2012-01-18,14.4,14.29,14.45,14.19,1638701.0,23443300.0
2012-01-19,14.29,14.88,14.95,14.29,2904505.0,42930908.0
2012-01-20,14.95,15.63,15.75,14.72,3858372.0,58966612.0
2012-01-30,15.62,15.36,15.82,15.23,3536045.0,55012800.0
2012-01-31,15.36,15.25,15.44,15.04,1207498.0,18348306.0
2012-02-01,15.21,14.96,15.28,14.78,1342395.0,20154086.0
2012-02-02,14.94,15.24,15.26,14.88,1114782.0,16839686.0
2012-02-03,15.1,15.24,15.47,15.02,1606513.0,24643916.0
2012-02-06,15.24,15.34,15.45,15.22,778479.0,11941148.0
2012-02-07,15.23,15.08,15.44,14.67,1775838.0,26930200.0
2012-02-08,14.83,15.26,15.32,14.83,1570069.0,23812948.0
2012-02-09,15.26,15.36,15.51,15.22,1610496.0,24663018.0
2012-02-10,15.33,15.49,15.54,15.3,1205833.0,18644152.0
2012-02-13,15.42,15.29,15.49,15.17,1948220.0,29819244.0
2012-02-14,15.32,15.26,15.36,15.11,697630.0,10613145.0
2012-02-15,15.26,15.44,15.47,15.16,1568503.0,24101038.0
2012-02-16,15.42,15.36,15.47,15.3,763995.0,11753677.0
2012-02-17,15.36,15.17,15.58,15.11,909702.0,13855832.0
2012-02-20,15.37,15.28,15.43,15.16,2013840.0,30724948.0
2012-02-21,15.28,15.46,15.46,15.15,1838102.0,28128806.0
2012-02-22,15.5,16.06,16.19,15.38,2758173.0,43614560.0
2012-02-23,16.03,16.03,16.27,15.93,1419928.0,22841920.0
2012-02-24,16.06,16.41,16.42,15.79,2429407.0,39382956.0
2012-02-27,16.48,16.41,17.59,16.41,3495672.0,58740024.0
2012-02-28,16.3,16.49,16.55,16.13,1434531.0,23504758.0
2012-02-29,16.48,16.13,16.48,16.1,900107.0,14583373.0
2012-03-01,16.13,16.13,16.13,16.13,0.0,0.0
2012-03-02,16.13,16.75,16.76,16.02,1940062.0,31947212.0
2012-03-05,16.75,16.5,16.84,16.5,1638500.0,27341016.0
2012-03-06,16.48,16.27,16.56,16.0,2461918.0,39849692.0
2012-03-07,15.99,16.09,16.29,15.93,964281.0,15547563.0
2012-03-08,16.09,16.22,16.33,16.09,891990.0,14475844.0
2012-03-09,16.22,16.41,16.42,16.12,1162709.0,19003032.0
2012-03-12,16.43,16.15,16.52,15.98,2262124.0,36660168.0
2012-03-13,16.18,16.34,16.34,16.07,1549430.0,25139376.0
2012-03-14,16.42,15.68,16.5,15.65,2308914.0,37140240.0
2012-03-15,15.72,15.27,15.91,15.23,2443068.0,37733440.0
2012-03-16,15.5,15.66,15.68,15.36,2530733.0,39367620.0
2012-03-19,15.68,15.61,15.69,15.37,1849488.0,28773466.0
2012-03-20,15.56,15.38,15.56,15.37,1002530.0,15468978.0
2012-03-21,15.38,15.45,15.54,15.33,858443.0,13232752.0
2012-03-22,15.51,15.26,15.52,15.24,1091766.0,16767627.0
2012-03-23,15.25,15.19,15.33,14.92,1330805.0,20148976.0
2012-03-26,15.19,15.16,15.19,15.02,558995.0,8454435.0
2012-03-27,15.16,15.23,15.4,15.12,581166.0,8887332.0
2012-03-28,15.16,14.85,15.33,14.81,770696.0,11607804.0
2012-03-29,14.85,14.88,14.97,14.64,698132.0,10351617.0
2012-03-30,14.83,14.97,15.07,14.83,665958.0,9970838.0
2012-04-05,15.0,15.33,15.41,14.89,772296.0,11779317.0
2012-04-06,15.33,15.31,15.42,15.19,748468.0,11435662.0
2012-04-09,15.28,15.18,15.4,15.11,364704.0,5573317.0
2012-04-10,15.21,15.06,15.21,14.81,961310.0,14384675.0
2012-04-11,15.09,15.35,15.36,14.99,988336.0,15048755.0
2012-04-12,15.36,15.47,15.48,15.26,1085360.0,16707606.0
2012-04-13,15.48,15.61,15.7,15.48,1294147.0,20208188.0
2012-04-16,15.63,15.69,15.78,15.55,871078.0,13685789.0
2012-04-17,15.69,15.59,15.84,15.58,823405.0,12916857.0
2012-04-18,15.59,15.75,15.82,15.59,993580.0,15635429.0
2012-04-19,15.78,15.7,15.9,15.58,873451.0,13756214.0
2012-04-20,15.55,15.65,15.77,15.51,685595.0,10717372.0
2012-04-23,15.65,15.58,15.68,15.52,533024.0,8317397.0
2012-04-24,15.44,15.34,15.64,15.06,891054.0,13646013.0
2012-04-25,15.29,15.54,15.57,15.29,654764.0,10135897.0
2012-04-26,15.56,15.7,15.73,15.52,747097.0,11706086.0
2012-04-27,15.63,15.65,15.86,15.61,609443.0,9604981.0
2012-05-02,15.75,16.08,16.25,15.75,2189540.0,35284416.0
2012-05-03,16.13,16.47,16.59,16.13,4109647.0,67453408.0
2012-05-04,16.41,16.76,16.84,16.35,3375108.0,56457488.0
2012-05-07,16.69,16.61,16.69,16.48,1100404.0,18220418.0
2012-05-08,16.59,16.55,16.7,16.22,1155540.0,18971164.0
2012-05-09,16.41,16.05,16.51,15.97,1145851.0,18542566.0
2012-05-10,16.03,16.11,16.2,15.91,740741.0,11902993.0
2012-05-11,16.08,16.0,16.13,15.74,812790.0,12966393.0
2012-05-14,16.17,16.14,16.39,16.0,788361.0,12787585.0
2012-05-15,16.03,16.34,16.38,15.96,610522.0,9852911.0
2012-05-16,16.22,15.86,16.39,15.86,559133.0,8980741.0
2012-05-17,15.86,16.34,16.38,15.86,665222.0,10784867.0
2012-05-18,16.1,16.03,16.33,15.96,562099.0,9040602.0
2012-05-21,15.88,16.0,16.2,15.88,382087.0,6155550.0
2012-05-22,16.1,16.41,16.41,16.03,808849.0,13154328.0
2012-05-23,16.41,16.27,16.42,16.19,582134.0,9496905.0
2012-05-24,16.27,16.13,16.31,16.12,346614.0,5620379.0
2012-05-25,16.13,15.73,16.24,15.72,406377.0,6471378.0
2012-05-28,15.72,16.25,16.27,15.65,1235358.0,19724998.0
2012-05-29,16.35,16.58,16.83,16.35,6077315.0,101148976.0
2012-05-30,16.56,16.69,16.82,16.56,1234307.0,20636642.0
2012-05-31,16.67,16.79,17.02,16.57,3629683.0,61237028.0
2012-06-01,16.79,17.01,17.07,16.62,2644567.0,44884208.0
2012-06-04,16.84,16.61,17.04,16.34,2181627.0,36698884.0
2012-06-05,16.6,16.27,16.66,15.97,2197263.0,35551424.0
2012-06-06,16.26,16.16,16.4,16.12,628030.0,10232927.0
2012-06-07,16.38,16.27,16.43,16.19,973252.0,15941391.0
2012-06-08,16.31,16.36,16.48,16.31,1009164.0,16542172.0
2012-06-11,16.28,16.65,16.73,16.28,827693.0,13752710.0
2012-06-12,16.59,16.4,16.69,16.0,1015868.0,16614663.0
2012-06-13,16.31,16.63,16.69,16.31,1888358.0,31329776.0
2012-06-14,16.71,16.66,16.96,16.63,578912.0,9722279.0
2012-06-15,16.66,16.57,16.74,16.5,425907.0,7065624.0
2012-06-18,16.69,16.64,16.73,16.54,430136.0,7148995.0
2012-06-19,16.64,16.64,16.64,16.64,0.0,0.0
2012-06-20,16.55,16.51,16.75,16.39,402229.0,6641531.0
2012-06-21,16.59,16.04,16.59,16.03,666263.0,10782920.0
2012-06-25,16.0,15.93,16.31,15.89,606914.0,9794962.0
2012-06-26,15.88,15.89,16.25,15.65,673147.0,10618906.0
2012-06-27,15.7,15.68,15.93,15.52,843438.0,13303263.0
2012-06-28,15.68,15.01,15.82,14.95,4325281.0,66044384.0
2012-06-29,15.01,14.85,15.01,14.6,1872469.0,27687942.0
2012-07-02,14.98,14.26,14.98,14.1,4214207.0,60398812.0
2012-07-03,14.31,14.29,14.49,14.08,1766082.0,25219380.0
2012-07-04,14.31,14.08,14.33,13.97,1356809.0,19171526.0
2012-07-05,14.25,14.33,14.51,14.15,2183160.0,31284424.0
2012-07-06,14.42,14.58,14.58,14.23,1261907.0,18270298.0
2012-07-09,14.52,14.39,14.73,14.21,1109609.0,16108581.0
2012-07-10,14.4,14.68,14.71,14.4,1155817.0,16843388.0
2012-07-11,14.82,14.74,14.82,14.29,1355840.0,19689564.0
2012-07-12,14.72,14.72,14.79,14.4,2705778.0,39372576.0
2012-07-13,14.51,14.47,14.59,14.22,1416461.0,20395320.0
2012-07-16,14.47,13.85,14.47,13.7,2201336.0,30701092.0
2012-07-17,13.77,13.8,14.06,13.67,391934.0,5430823.0
2012-07-18,14.07,13.69,14.07,13.27,1532771.0,20701122.0
2012-07-19,13.6,13.77,13.95,13.49,1051875.0,14481586.0
2012-07-20,13.69,13.49,13.82,13.47,883722.0,12029619.0
2012-07-23,13.49,13.27,13.49,13.24,1496114.0,19872358.0
2012-07-24,13.27,13.05,13.34,12.93,2693410.0,35185552.0
2012-07-25,13.03,12.52,13.06,12.4,4170138.0,52652748.0
2012-07-26,12.5,12.2,12.6,12.17,5653021.0,69723256.0
2012-07-27,12.2,12.07,12.29,12.03,2774422.0,33566440.0
2012-07-30,12.07,11.63,12.15,11.63,3967504.0,47352056.0
2012-07-31,11.66,11.8,11.98,11.66,4175096.0,49231320.0
2012-08-01,11.82,12.0,12.11,11.68,3976567.0,47347856.0
2012-08-02,11.92,11.68,11.99,11.67,2366858.0,27874496.0
2012-08-03,11.68,11.89,11.95,11.55,4133191.0,48252308.0
2012-08-06,11.85,12.02,12.07,11.72,3962646.0,47258840.0
2012-08-07,12.03,12.11,12.18,12.0,2431048.0,29340076.0
2012-08-08,12.08,11.74,12.09,11.74,4101670.0,48933944.0
2012-08-09,11.76,11.96,12.0,11.75,3065571.0,36447432.0
2012-08-10,11.95,11.8,11.95,11.69,5051841.0,59482544.0
2012-08-13,11.79,11.82,11.85,11.64,4709574.0,55415004.0
2012-08-14,11.82,11.75,11.84,11.62,2922156.0,34287480.0
2012-08-15,11.77,11.72,11.82,11.69,2279174.0,26786952.0
2012-08-16,11.68,11.66,11.75,11.63,1307142.0,15289786.0
2012-08-17,11.68,11.61,11.69,11.42,1880485.0,21785914.0
2012-08-20,11.51,11.18,11.51,11.07,3509553.0,39455824.0
2012-08-21,11.14,11.21,11.33,11.14,2677839.0,30075938.0
2012-08-22,11.22,10.94,11.27,10.81,3315813.0,36528460.0
2012-08-23,10.92,11.0,11.08,10.91,1739509.0,19161932.0
2012-08-24,11.0,10.9,11.0,10.79,1584305.0,17259986.0
2012-08-27,10.87,10.6,10.87,10.55,1360861.0,14545731.0
2012-08-28,10.63,10.66,10.73,10.63,2187948.0,23353856.0
2012-08-29,10.68,10.6,10.69,10.54,1162883.0,12335755.0
2012-08-30,10.59,10.59,10.68,10.45,1742142.0,18446156.0
2012-08-31,10.6,10.56,10.7,10.56,3010452.0,31954438.0
2012-09-03,10.52,10.72,10.73,10.31,6168435.0,65255040.0
2012-09-04,10.74,10.52,10.75,10.5,2481764.0,26378402.0
2012-09-05,10.52,10.32,10.52,10.26,2902445.0,30096354.0
2012-09-06,10.33,10.4,10.45,10.28,3081574.0,31837004.0
2012-09-07,10.49,10.88,11.1,10.46,11529344.0,125015784.0
2012-09-10,10.88,11.12,11.24,10.87,9367977.0,103727424.0
2012-09-11,11.02,11.18,11.27,10.95,6948386.0,77776944.0
2012-09-12,11.22,11.1,11.35,11.03,4843219.0,54063724.0
2012-09-13,11.11,10.84,11.16,10.84,4015207.0,44217404.0
2012-09-14,10.95,11.1,11.13,10.77,6049848.0,66467748.0
2012-09-17,11.01,10.58,11.11,10.58,3996153.0,43124948.0
2012-09-18,10.5,10.38,11.0,10.36,2315201.0,24358530.0
2012-09-19,10.39,10.51,10.56,10.37,1164713.0,12179877.0
2012-09-20,10.51,10.01,10.51,10.01,2613202.0,26661962.0
2012-09-21,9.97,10.0,10.06,9.86,1372822.0,13686476.0
2012-09-24,9.94,10.06,10.1,9.8,2292979.0,22815426.0
2012-09-25,10.05,9.89,10.07,9.83,2187681.0,21758638.0
2012-09-26,9.88,9.6,9.91,9.57,1870583.0,18270370.0
2012-09-27,9.6,10.07,10.13,9.55,3319645.0,32843696.0
2012-09-28,10.05,10.44,10.44,9.99,4178731.0,43078688.0
2012-10-08,10.41,10.26,10.53,10.18,1598333.0,16452265.0
2012-10-09,10.3,10.58,10.6,10.26,2689808.0,28260352.0
2012-10-10,10.58,10.94,11.24,10.58,8213630.0,90706936.0
2012-10-11,10.99,10.7,10.99,10.61,2936077.0,31559184.0
2012-10-12,10.7,10.67,10.84,10.5,1433888.0,15304976.0
2012-10-15,10.7,10.49,10.7,10.37,1562629.0,16365800.0
2012-10-16,10.49,10.43,10.62,10.41,1411473.0,14806252.0
2012-10-17,10.44,10.48,10.52,10.3,1524176.0,15872802.0
2012-10-18,10.5,10.76,10.81,10.43,3348600.0,35732560.0
2012-10-19,10.77,10.87,11.02,10.77,4022395.0,43887368.0
2012-10-22,10.81,10.95,11.0,10.62,2247603.0,24172682.0
2012-10-23,10.95,10.89,11.06,10.75,3299700.0,36104444.0
2012-10-24,10.76,11.01,11.02,10.75,1966014.0,21354738.0
2012-10-25,10.96,11.06,11.22,10.77,3059389.0,33775436.0
2012-10-26,10.94,10.73,11.02,10.54,2128308.0,22796258.0
2012-10-29,10.63,10.64,10.73,10.46,1429692.0,15224267.0
2012-10-30,10.65,10.63,10.72,10.52,1252214.0,13299430.0
2012-10-31,10.63,10.71,10.73,10.42,1610157.0,16997744.0
2012-11-01,10.67,11.03,11.04,10.6,2931060.0,32035426.0
2012-11-02,11.1,11.1,11.18,10.92,2569217.0,28406024.0
2012-11-05,11.1,11.01,11.23,10.97,1959154.0,21679388.0
2012-11-06,11.02,10.99,11.07,10.84,2096157.0,22953790.0
2012-11-07,10.97,11.29,11.32,10.95,4325452.0,48259172.0
2012-11-08,11.17,11.16,11.26,11.01,3090484.0,34422988.0
2012-11-09,11.05,10.94,11.15,10.88,1680606.0,18445910.0
2012-11-12,10.94,10.83,11.0,10.78,1585137.0,17195130.0
2012-11-13,10.84,10.59,10.9,10.36,3284538.0,34680352.0
2012-11-14,10.56,10.5,10.58,10.3,1826289.0,19075466.0
2012-11-15,10.45,10.26,10.55,10.21,1019944.0,10560402.0
2012-11-16,10.23,10.15,10.25,10.0,1618281.0,16323338.0
2012-11-19,10.15,10.15,10.15,9.91,1188545.0,11892546.0
2012-11-20,10.11,10.29,10.35,10.07,1514616.0,15450430.0
2012-11-21,10.27,10.48,10.5,10.15,1112762.0,11485470.0
2012-11-22,10.43,10.31,10.43,10.28,500251.0,5166838.0
2012-11-23,10.36,10.39,10.41,10.27,675644.0,7001971.0
2012-11-26,10.37,10.34,10.39,10.13,857889.0,8813432.0
2012-11-27,10.23,10.15,10.27,10.07,854853.0,8705426.0
2012-11-28,10.14,9.99,10.14,9.85,680258.0,6803076.0
2012-11-29,9.99,10.05,10.05,9.92,672458.0,6738136.0
2012-11-30,10.0,10.36,10.36,9.95,1736318.0,17812944.0
2012-12-03,10.31,10.36,10.41,10.23,1102762.0,11364417.0
2012-12-04,10.31,10.63,10.73,10.31,2484697.0,26222338.0
2012-12-05,10.65,11.21,11.29,10.63,5755157.0,63828196.0
2012-12-06,11.21,11.02,11.32,10.88,2857796.0,31839746.0
2012-12-07,11.06,11.5,11.81,10.95,6391190.0,73763976.0
2012-12-10,11.5,11.63,11.79,11.34,5264199.0,60832452.0
2012-12-11,11.53,11.53,11.64,11.46,2179102.0,25171760.0
2012-12-12,11.53,11.62,11.63,11.26,2510933.0,28738168.0
2012-12-13,11.54,11.42,11.71,11.39,1263689.0,14603010.0
2012-12-14,11.41,12.08,12.24,11.32,4319956.0,51755772.0
2012-12-17,12.15,12.05,12.44,12.01,4559995.0,55536524.0
2012-12-18,12.03,11.96,12.21,11.94,2126668.0,25689088.0
2012-12-19,11.95,12.32,12.33,11.87,3645520.0,44448468.0
2012-12-20,12.25,12.25,12.46,12.05,2584104.0,31713842.0
2012-12-21,12.25,12.06,12.55,12.04,3843988.0,47415100.0
2012-12-24,11.97,12.17,12.47,11.9,2340134.0,28546878.0
2012-12-25,12.15,12.76,12.79,12.01,5729863.0,71610184.0
2012-12-26,12.66,12.71,12.82,12.53,4111255.0,52137680.0
2012-12-27,12.77,12.53,12.77,12.42,2090131.0,26266974.0
2012-12-28,12.52,12.63,12.74,12.41,1869719.0,23637582.0
2012-12-31,12.66,13.04,13.04,12.66,3350548.0,42938216.0
2013-01-04,13.04,13.02,13.11,12.73,2503638.0,32430894.0
2013-01-07,13.0,12.91,13.06,12.85,3521893.0,45542592.0
2013-01-08,12.99,12.91,13.24,12.84,2994445.0,38797592.0
2013-01-09,12.85,13.03,13.13,12.77,3430813.0,44440492.0
2013-01-10,13.03,12.82,13.12,12.8,3638246.0,47005648.0
2013-01-11,12.75,12.33,12.81,11.99,8135177.0,100603984.0
2013-01-14,12.22,12.61,12.71,12.05,10849709.0,134737664.0
2013-01-15,12.61,12.55,12.63,12.47,4491466.0,56385088.0
2013-01-16,12.54,12.4,12.55,12.21,4465334.0,55103724.0
2013-01-17,12.34,12.34,12.4,12.18,2928989.0,35990780.0
2013-01-18,12.36,12.57,12.65,12.22,3306692.0,41272440.0
2013-01-21,12.55,12.8,12.91,12.33,6237482.0,79318944.0
2013-01-22,12.77,12.81,13.16,12.63,5538940.0,71617168.0
2013-01-23,12.85,12.62,12.98,12.4,4574808.0,57909660.0
2013-01-24,12.61,12.32,12.79,12.2,3300822.0,41293108.0
2013-01-25,12.29,12.35,12.51,12.29,2478323.0,30752992.0
2013-01-28,12.33,12.82,12.83,12.33,5003961.0,63254504.0
2013-01-29,12.91,12.7,12.98,12.66,2815431.0,35980764.0
2013-01-30,12.7,13.22,13.24,12.68,6957295.0,90542744.0
2013-01-31,13.28,13.39,13.56,13.08,6629018.0,88267392.0
2013-02-01,13.34,13.46,13.53,13.13,3701332.0,49465736.0
2013-02-04,13.56,13.23,13.61,13.06,5401945.0,71560272.0
2013-02-05,13.2,13.77,13.97,13.08,9156348.0,125418720.0
2013-02-06,13.71,13.77,13.96,13.64,5250191.0,72476208.0
2013-02-07,13.77,13.71,13.78,13.35,3972468.0,53954460.0
2013-02-08,13.67,13.95,14.14,13.66,8334057.0,115779392.0
2013-02-18,14.14,13.71,14.22,13.71,5890539.0,81982504.0
2013-02-19,13.67,13.22,13.67,13.13,5316834.0,70659192.0
2013-02-20,13.22,13.31,13.39,13.18,2629238.0,34923872.0
2013-02-21,13.2,13.01,13.23,12.86,5453891.0,70756120.0
2013-02-22,12.96,12.83,13.04,12.73,3573323.0,45964972.0
2013-02-25,12.74,12.83,12.91,12.69,2115197.0,27029140.0
2013-02-26,12.71,12.45,12.9,12.41,1745438.0,22187504.0
2013-02-27,12.57,12.47,12.7,12.42,1726449.0,21591658.0
2013-02-28,12.57,12.82,12.84,12.5,2346280.0,29833138.0
2013-03-01,12.87,12.79,12.95,12.69,2373768.0,30322002.0
2013-03-04,12.66,12.05,12.66,11.93,3213422.0,39295268.0
2013-03-05,12.04,12.19,12.26,11.93,2815588.0,34203984.0
2013-03-06,12.19,12.44,12.53,12.07,3577547.0,44056988.0
2013-03-07,12.43,12.08,12.43,11.76,7339373.0,88368192.0
2013-03-08,11.97,11.94,12.11,11.93,2327084.0,27967498.0
2013-03-11,11.97,11.82,11.97,11.66,2007938.0,23659336.0
2013-03-12,11.82,11.75,11.95,11.61,2102863.0,24727278.0
2013-03-13,11.75,11.52,11.8,11.34,2403270.0,27705670.0
2013-03-14,11.51,11.68,11.68,11.47,1594298.0,18468576.0
2013-03-15,11.75,11.63,11.86,11.57,2450043.0,28767448.0
2013-03-18,11.53,11.5,11.53,11.36,1763607.0,20171772.0
2013-03-19,11.42,11.66,11.68,11.38,1504244.0,17372326.0
2013-03-20,11.71,12.01,12.1,11.67,4739144.0,56401388.0
2013-03-21,12.01,11.9,12.01,11.85,2981123.0,35501984.0
2013-03-22,11.82,11.83,11.93,11.76,2008320.0,23784338.0
2013-03-25,11.84,11.81,12.09,11.79,2917787.0,34735992.0
2013-03-26,11.76,11.74,11.76,11.53,1714387.0,19921154.0
2013-03-27,11.68,11.67,11.86,11.58,1785510.0,21005466.0
2013-03-28,11.6,11.34,11.66,11.28,2013998.0,22920970.0
2013-03-29,11.34,11.35,11.48,11.3,1427191.0,16259868.0
2013-04-01,11.37,11.34,11.47,11.31,1980670.0,22516780.0
2013-04-02,11.34,11.34,11.45,11.14,1664703.0,18791608.0
2013-04-03,11.37,11.21,11.45,11.14,2605134.0,29414134.0
2013-04-08,11.1,11.23,11.29,10.95,2082067.0,22997640.0
2013-04-09,11.24,11.34,11.4,11.22,6681339.0,75323752.0
2013-04-10,11.33,11.49,11.52,11.26,3920504.0,44753756.0
2013-04-11,11.56,11.61,11.94,11.56,3689363.0,43309308.0
2013-04-12,11.6,11.46,11.6,11.37,1707267.0,19529898.0
2013-04-15,11.44,11.24,11.44,11.1,2317622.0,26017384.0
2013-04-16,11.24,11.71,11.75,11.05,5215184.0,60006656.0
2013-04-17,11.68,11.87,12.0,11.62,5615929.0,66593016.0
2013-04-18,11.82,11.95,12.0,11.72,5323219.0,63531852.0
2013-04-19,11.97,12.16,12.37,11.97,6453635.0,78967232.0
2013-04-22,12.16,12.23,12.29,11.97,3125785.0,37925888.0
2013-04-23,12.2,11.87,12.2,11.79,3664987.0,43547824.0
2013-04-24,11.86,12.02,12.03,11.72,4546462.0,54168052.0
2013-04-25,12.02,11.91,12.03,11.74,3404362.0,40446988.0
2013-04-26,11.83,11.27,11.9,11.26,3193466.0,37045932.0
2013-05-02,11.37,11.47,11.67,11.34,3260567.0,37484340.0
2013-05-03,11.48,12.0,12.0,11.47,5265154.0,62027392.0
2013-05-06,12.11,12.34,12.5,12.02,7167254.0,88304912.0
2013-05-07,12.34,12.48,12.48,12.05,8469005.0,104141512.0
2013-05-08,12.55,12.55,12.99,12.49,12112651.0,154327936.0
2013-05-09,12.55,12.55,12.83,12.41,7890050.0,99342352.0
2013-05-10,12.56,12.64,12.65,12.35,5979877.0,74784568.0
2013-05-13,12.68,13.05,13.16,12.66,9785112.0,126706808.0
2013-05-14,12.98,12.56,13.19,12.48,8589050.0,109833088.0
2013-05-15,12.55,12.67,12.76,12.5,4076851.0,51320196.0
2013-05-16,12.66,12.92,12.98,12.41,6626341.0,84478744.0
2013-05-17,12.97,12.9,12.98,12.68,5168902.0,66363776.0
2013-05-20,12.9,12.82,12.91,12.62,5340712.0,68199040.0
2013-05-21,12.82,12.89,13.03,12.77,4727122.0,60942860.0
2013-05-22,12.89,13.11,13.37,12.82,7479681.0,98270176.0
2013-05-23,12.99,12.49,13.02,12.45,7451151.0,94700440.0
2013-05-24,12.55,12.6,12.68,12.42,4833459.0,60652568.0
2013-05-27,12.58,12.73,12.86,12.5,4151762.0,52876792.0
2013-05-28,12.73,12.98,13.01,12.62,4864425.0,62541048.0
2013-05-29,13.03,13.18,13.45,12.95,8656391.0,114477240.0
2013-05-30,13.06,12.99,13.32,12.99,5898727.0,77428720.0
2013-05-31,13.06,12.7,13.13,12.69,7312489.0,93590128.0
2013-06-03,12.73,12.71,12.87,12.62,3005026.0,38233552.0
2013-06-04,12.8,12.8,12.95,12.56,4002852.0,51050272.0
2013-06-05,12.78,12.95,13.03,12.66,2947031.0,37956208.0
2013-06-06,12.95,12.65,13.03,12.63,3017933.0,38760252.0
2013-06-07,12.63,12.21,12.75,12.17,4031898.0,49870492.0
2013-06-13,12.16,11.82,12.16,11.24,2501858.0,29131860.0
2013-06-14,11.92,11.71,11.92,11.61,3271702.0,38303416.0
2013-06-17,11.71,11.47,11.79,11.45,3417652.0,39449856.0
2013-06-18,11.47,11.58,11.64,11.31,3418183.0,39303544.0
2013-06-19,11.5,11.67,11.67,11.3,2766906.0,31725604.0
2013-06-20,11.57,11.19,11.57,11.17,3971376.0,45180516.0
2013-06-21,11.06,11.27,11.33,10.97,2686297.0,30091092.0
2013-06-24,11.29,10.84,11.37,10.73,3734884.0,41430952.0
2013-06-25,10.76,10.99,11.05,10.15,4506704.0,48258728.0
2013-06-26,11.06,11.25,11.28,10.85,4037655.0,44673012.0
2013-06-27,11.19,11.02,11.38,10.88,3156910.0,35195200.0
2013-06-28,10.99,11.1,11.28,10.81,2027629.0,22494098.0
2013-07-01,11.1,11.05,11.16,10.81,2613836.0,28647738.0
2013-07-02,11.05,11.0,11.05,10.81,3561474.0,38839248.0
2013-07-03,10.9,10.83,10.98,10.73,2761196.0,29869136.0
2013-07-04,10.74,11.05,11.16,10.74,3031736.0,33350136.0
2013-07-05,11.05,11.13,11.29,11.05,3380331.0,37691032.0
2013-07-08,11.02,10.88,11.02,10.78,2973943.0,32379852.0
2013-07-09,10.88,10.81,10.94,10.73,2443424.0,26514868.0
2013-07-10,10.76,11.1,11.1,10.76,2582480.0,28310152.0
2013-07-11,11.13,11.52,11.6,11.07,6872297.0,78112032.0
2013-07-12,11.53,11.5,11.68,11.37,4677305.0,53791280.0
2013-07-15,11.45,11.75,11.75,11.38,5803952.0,67324168.0
2013-07-16,11.74,11.82,11.83,11.53,3455389.0,40385508.0
2013-07-17,11.75,11.89,11.9,11.63,3452420.0,40609900.0
2013-07-18,11.9,12.06,12.15,11.87,4674935.0,56344476.0
2013-07-19,11.99,11.71,12.02,11.56,3963063.0,46683316.0
2013-07-22,11.53,11.79,11.83,11.45,1948181.0,22703596.0
2013-07-23,11.87,12.21,12.21,11.86,4826914.0,58469100.0
2013-07-24,12.19,12.2,12.22,11.9,3213838.0,38705356.0
2013-07-25,12.14,12.07,12.27,11.97,1918538.0,23147278.0
2013-07-26,12.0,12.17,12.17,12.0,3088569.0,37365476.0
2013-07-29,12.12,11.8,12.12,11.69,2062201.0,24371906.0
2013-07-30,11.82,11.78,11.9,11.68,974438.0,11503954.0
2013-07-31,11.79,11.93,11.98,11.79,1077231.0,12813406.0
2013-08-01,12.04,12.12,12.12,11.95,2439957.0,29444056.0
2013-08-02,12.27,12.12,12.27,12.06,2330730.0,28350740.0
2013-08-05,12.21,12.37,12.4,12.08,1642106.0,20131310.0
2013-08-06,12.34,12.62,12.83,12.26,3555676.0,44845044.0
2013-08-07,12.57,12.52,12.73,12.42,3402454.0,42553024.0
2013-08-08,12.53,12.33,12.57,12.28,2238850.0,27822514.0
2013-08-09,12.34,12.2,12.47,12.05,2310469.0,28254962.0
2013-08-12,12.32,12.53,12.55,12.22,3552682.0,44217808.0
2013-08-13,12.53,12.36,12.53,12.27,2977201.0,36786976.0
2013-08-14,12.34,12.45,12.72,12.34,3720783.0,46662596.0
2013-08-15,12.4,12.16,12.41,12.14,2023778.0,24820596.0
2013-08-16,12.12,11.97,12.47,11.97,2396376.0,29180776.0
2013-08-19,11.87,12.09,12.15,11.84,1256339.0,15125539.0
2013-08-20,12.08,11.96,12.17,11.95,1663192.0,20022222.0
2013-08-21,11.96,11.83,11.96,11.68,2811267.0,33057960.0
2013-08-22,11.78,11.79,11.87,11.68,1994797.0,23476990.0
2013-08-23,11.77,11.66,11.84,11.31,3931482.0,45494452.0
2013-08-26,11.62,11.87,11.87,11.4,3353025.0,39421336.0
2013-08-27,11.87,11.9,11.93,11.75,2134407.0,25229938.0
2013-08-28,11.85,11.8,11.93,11.68,2421633.0,28589100.0
2013-08-29,11.83,12.13,12.15,11.77,3231420.0,38611156.0
2013-08-30,12.13,12.09,12.35,12.06,3618488.0,44142292.0
2013-09-02,12.13,12.31,12.34,12.09,2526975.0,30929744.0
2013-09-03,12.35,12.44,12.52,12.27,2916023.0,36292872.0
2013-09-04,12.46,12.28,12.46,12.22,1816644.0,22375274.0
2013-09-05,12.23,12.18,12.28,12.18,1093602.0,13373330.0
2013-09-06,12.24,12.25,12.4,12.18,1436784.0,17631884.0
2013-09-09,12.28,12.54,12.58,12.22,3729205.0,46392868.0
2013-09-10,12.53,12.47,12.55,12.4,2278106.0,28405302.0
2013-09-11,12.51,12.65,12.73,12.48,3405385.0,42922476.0
2013-09-12,12.65,12.59,12.8,12.55,3155116.0,40042308.0
2013-09-13,12.57,12.4,12.65,12.35,2552780.0,31731864.0
2013-09-16,12.41,12.53,12.61,12.38,2777694.0,34768508.0
2013-09-17,12.53,12.29,12.6,12.29,1685192.0,21020996.0
2013-09-18,12.29,12.35,12.42,12.25,1815999.0,22366250.0
2013-09-23,12.36,12.53,12.57,12.29,3408000.0,42580148.0
2013-09-24,12.55,12.32,12.56,12.25,2560923.0,31749310.0
2013-09-25,12.32,12.63,12.69,12.31,4165859.0,52363424.0
2013-09-26,12.65,12.26,12.66,12.26,3284671.0,40983544.0
2013-09-27,12.22,12.4,12.44,12.22,1135359.0,14053078.0
2013-09-30,12.31,12.48,12.6,12.31,938559.0,11749813.0
2013-10-08,12.5,12.82,12.89,12.44,2833919.0,36165732.0
2013-10-09,12.83,13.08,13.24,12.83,3879015.0,50671936.0
2013-10-10,13.1,12.94,13.16,12.91,1972129.0,25641134.0
2013-10-11,13.04,13.28,13.46,12.98,4423246.0,58639656.0
2013-10-14,13.31,13.71,14.2,13.28,6741196.0,93185384.0
2013-10-15,13.71,13.63,14.01,13.47,2067967.0,28160992.0
2013-10-16,13.65,13.26,13.66,13.18,2848916.0,38083660.0
2013-10-17,13.26,13.27,13.41,13.18,1709650.0,22688992.0
2013-10-18,13.27,13.2,13.28,13.11,1291985.0,17024818.0
2013-10-21,13.28,13.41,13.48,12.99,2045319.0,27134504.0
2013-10-22,13.41,13.24,13.43,13.08,2065822.0,27329846.0
2013-10-23,13.25,12.9,13.32,12.85,4392426.0,57085900.0
2013-10-24,12.89,13.08,13.27,12.89,1910753.0,24999064.0
2013-10-25,13.04,13.09,13.23,12.9,1568059.0,20443930.0
2013-10-28,13.08,13.44,13.48,13.04,3563641.0,47522496.0
2013-10-29,13.34,13.16,13.34,12.9,7194332.0,94560600.0
2013-10-30,13.12,13.8,13.93,13.06,4413670.0,60119316.0
2013-10-31,13.66,14.1,14.22,13.66,8696683.0,122770448.0
2013-11-01,14.15,14.36,14.46,14.04,4483601.0,64174372.0
2013-11-04,14.36,15.05,15.22,14.35,5871996.0,88038208.0
2013-11-05,15.09,14.93,15.51,14.87,4795003.0,72473568.0
2013-11-06,14.79,14.56,14.92,14.53,3480425.0,51104832.0
2013-11-07,14.48,14.66,14.88,14.44,2830381.0,41491768.0
2013-11-08,14.76,14.52,14.97,14.52,1539537.0,22711042.0
2013-11-11,14.41,14.56,14.67,13.94,2054345.0,29318166.0
2013-11-12,14.56,14.95,15.05,14.53,2472784.0,36841652.0
2013-11-13,14.95,14.54,15.16,14.52,1972236.0,29185962.0
2013-11-14,14.45,14.41,14.66,14.26,1330110.0,19128824.0
2013-11-15,14.41,14.56,15.0,14.32,3088340.0,45481744.0
2013-11-18,14.6,15.21,15.32,14.6,3700628.0,55521160.0
2013-11-19,15.23,16.11,16.45,15.23,8066665.0,127318120.0
2013-11-20,16.07,16.15,16.26,15.7,2900578.0,46281616.0
2013-11-21,16.07,16.57,16.72,15.88,3756038.0,61738896.0
2013-11-22,16.46,15.93,16.91,15.92,4194916.0,68506344.0
2013-11-25,15.93,15.98,16.3,15.77,4059263.0,65101768.0
2013-11-26,15.92,15.96,16.3,15.77,1994253.0,32006630.0
2013-11-27,16.1,15.85,16.1,15.55,2632596.0,41513592.0
2013-11-28,15.83,16.97,16.97,15.83,6002434.0,100091928.0
2013-11-29,16.96,16.67,17.1,16.45,6990199.0,116045992.0
2013-12-02,16.38,16.53,16.54,15.98,3449394.0,56392344.0
2013-12-03,16.76,17.74,18.05,16.76,7479400.0,131169552.0
2013-12-04,17.61,18.43,18.65,17.61,9856240.0,180780832.0
2013-12-05,18.35,20.27,20.27,18.09,9286089.0,180346272.0
2013-12-06,21.15,20.24,21.15,19.84,8833971.0,179098768.0
2013-12-09,20.16,20.15,20.5,19.65,5570478.0,111200712.0
2013-12-10,20.08,21.06,21.72,19.87,9148476.0,188699376.0
2013-12-11,20.71,20.24,20.85,20.09,4989240.0,101472512.0
2013-12-12,20.24,19.85,20.47,19.55,4880514.0,96754824.0
2013-12-13,19.59,20.13,20.15,19.4,5064784.0,100295424.0
2013-12-16,20.04,18.93,20.85,18.77,10762430.0,211240688.0
2013-12-17,18.96,18.95,19.25,18.73,4450436.0,84217480.0
2013-12-18,18.96,18.95,19.05,18.77,2116310.0,40047772.0
2013-12-19,19.16,19.44,19.9,18.33,3246451.0,61877108.0
2013-12-20,19.23,18.99,19.43,18.73,1822838.0,34776928.0
2013-12-23,19.01,19.21,19.23,18.54,2212269.0,41910120.0
2013-12-24,19.18,19.77,20.22,19.13,4118214.0,81176864.0
2013-12-25,19.56,19.58,20.09,19.27,3835320.0,74910280.0
2013-12-26,19.45,19.4,19.64,19.32,2601158.0,50677084.0
2013-12-27,19.37,19.02,19.37,18.68,4222627.0,79877784.0
2013-12-30,19.02,18.34,19.02,18.2,4745168.0,87808912.0
2013-12-31,18.24,19.27,19.33,18.14,5368797.0,101057520.0
2014-01-02,19.26,18.84,19.34,18.69,1837087.0,34597604.0
2014-01-03,18.2,18.58,18.77,18.05,6553478.0,121045216.0
2014-01-06,18.55,17.89,18.55,17.89,3146292.0,57349816.0
2014-01-07,17.63,17.89,17.89,17.05,6400191.0,111625928.0
2014-01-08,17.55,17.89,18.17,16.1,3063052.0,54521824.0
2014-01-09,17.74,17.99,18.12,17.61,3065901.0,55110660.0
2014-01-10,17.99,17.94,18.18,17.83,1272778.0,22896304.0
2014-01-13,17.94,18.27,18.27,17.94,1116161.0,20247786.0
2014-01-14,18.27,19.33,19.45,18.2,2072694.0,39521732.0
2014-01-15,19.34,19.39,19.55,19.26,1351989.0,26162058.0
2014-01-16,19.28,19.15,19.38,18.99,1203402.0,23039890.0
2014-01-17,19.15,19.52,19.56,19.05,1354902.0,26201976.0
2014-01-20,19.47,19.58,20.17,19.47,1391760.0,27632452.0
2014-01-21,19.3,19.69,19.69,19.05,671031.0,13032325.0
2014-01-22,19.51,19.81,19.94,19.51,799883.0,15837633.0
2014-01-23,19.59,18.74,19.67,18.74,5876049.0,111802784.0
2014-01-24,18.65,18.87,19.13,18.58,2270061.0,42809328.0
2014-01-27,18.9,18.57,19.1,18.55,1725369.0,32311058.0
2014-01-28,18.84,18.87,19.05,18.64,1960909.0,36923624.0
2014-01-29,18.87,18.77,19.03,18.74,1242567.0,23365114.0
2014-01-30,18.77,18.58,18.95,18.44,539049.0,10053898.0
2014-02-07,18.69,18.3,18.75,18.18,2440545.0,44984216.0
2014-02-10,18.46,19.87,20.09,18.46,6072117.0,116332920.0
2014-02-11,19.84,19.69,20.13,19.55,3630318.0,71838344.0
2014-02-12,19.69,19.71,20.08,19.49,1717928.0,33894052.0
2014-02-13,19.8,19.32,20.45,19.3,3335948.0,66052756.0
2014-02-14,19.31,19.56,19.62,19.18,2619715.0,51044312.0
2014-02-17,19.5,19.56,19.87,19.44,2940110.0,57605896.0
2014-02-18,19.55,19.79,19.79,19.39,2437254.0,47765552.0
2014-02-19,19.71,19.47,19.93,19.46,3266805.0,64016420.0
2014-02-20,19.41,18.32,19.44,18.28,3679866.0,68470288.0
2014-02-21,18.32,18.23,18.41,18.16,2521453.0,46005576.0
2014-02-24,18.2,17.74,18.22,17.16,2742967.0,48449444.0
2014-02-25,17.91,17.3,18.02,16.91,2202063.0,38563448.0
2014-02-26,17.29,16.92,17.44,16.64,3104206.0,52608192.0
2014-02-27,16.92,16.22,17.1,15.92,4706482.0,77715208.0
2014-02-28,16.22,17.49,17.81,15.24,6146537.0,97929032.0
2014-03-03,17.29,17.78,17.84,16.76,2498472.0,43836784.0
2014-03-04,17.78,17.17,17.89,17.06,1891829.0,32717826.0
2014-03-05,17.17,17.06,17.54,16.71,1546849.0,26732748.0
2014-03-06,16.96,17.12,17.24,16.23,3449864.0,57787740.0
2014-03-07,17.1,17.21,17.31,16.76,2041977.0,34792124.0
2014-03-10,16.98,16.67,16.98,16.49,1529079.0,25486560.0
2014-03-11,16.63,16.54,16.68,15.98,2101857.0,34372628.0
2014-03-12,16.53,16.88,17.01,16.34,1355409.0,22736634.0
2014-03-13,16.88,16.99,17.12,16.76,1774763.0,30167570.0
2014-03-14,17.05,17.33,17.41,16.86,1200272.0,20607826.0
2014-03-17,17.61,18.04,18.33,17.61,2235111.0,40217740.0
2014-03-18,18.04,18.08,18.16,17.68,2189058.0,39299020.0
2014-03-19,18.05,18.01,18.1,17.76,1142376.0,20470922.0
2014-03-20,18.01,17.55,18.01,17.41,679965.0,12052445.0
2014-03-21,17.36,17.77,17.89,17.08,2084233.0,36395816.0
2014-03-24,17.63,17.37,17.77,17.36,2450532.0,42932352.0
2014-03-25,17.42,17.85,18.12,17.29,2196463.0,39199272.0
2014-03-26,17.85,17.72,18.06,17.63,926664.0,16476864.0
2014-03-27,17.48,17.37,17.74,17.3,781390.0,13639894.0
2014-03-28,17.37,17.05,17.61,17.03,1012633.0,17584046.0
2014-03-31,17.07,17.83,17.89,16.91,1099468.0,19293544.0
2014-04-01,17.8,17.83,17.95,17.61,675314.0,11998455.0
2014-04-02,17.95,18.46,19.15,17.86,2427034.0,45026124.0
2014-04-03,18.45,19.03,19.27,18.45,3087107.0,58612908.0
2014-04-04,19.13,19.08,19.49,18.73,1419631.0,27089378.0
2014-04-08,18.96,20.17,20.17,18.92,3653314.0,72341088.0
2014-04-09,20.13,20.12,20.21,19.71,1861727.0,37129676.0
2014-04-10,20.06,19.71,20.13,19.52,1590133.0,31347510.0
2014-04-11,19.71,19.02,19.71,18.93,2271497.0,43579212.0
2014-04-14,19.12,19.33,19.83,19.0,2726551.0,52870576.0
2014-04-15,19.41,19.33,19.49,19.03,1560551.0,30147626.0
2014-04-16,19.33,18.85,19.33,18.8,924412.0,17589470.0
2014-04-17,18.93,19.62,19.66,18.64,2096648.0,40246132.0
2014-04-18,19.62,19.19,19.62,19.18,1196819.0,23087790.0
2014-04-21,19.15,19.75,19.98,18.99,2742798.0,54111500.0
2014-04-22,19.75,19.71,19.97,19.49,1289436.0,25414352.0
2014-04-23,19.71,19.33,19.83,18.95,1509908.0,29081348.0
2014-04-24,19.22,19.39,19.42,19.03,1329151.0,25565816.0
2014-04-25,19.27,19.03,19.67,18.73,1378059.0,26345336.0
2014-04-28,18.88,18.34,18.88,18.04,2326509.0,42419072.0
2014-04-29,18.2,18.88,18.9,18.05,842980.0,15699198.0
2014-04-30,18.9,20.07,20.09,18.78,2820820.0,55822860.0
2014-05-05,20.09,20.11,20.21,19.75,1883837.0,37673880.0
2014-05-06,20.21,19.79,20.24,19.49,1511137.0,29924956.0
2014-05-07,19.71,19.3,19.71,19.12,882795.0,17075000.0
2014-05-08,19.25,19.32,19.59,19.11,905160.0,17556778.0
2014-05-09,19.37,19.26,19.37,18.7,1069018.0,20255156.0
2014-05-12,19.31,19.86,19.87,18.83,2853201.0,54715024.0
2014-05-13,19.86,19.64,19.86,19.31,1180842.0,22980024.0
2014-05-14,19.59,19.43,19.67,19.27,765068.0,14895258.0
2014-05-15,19.45,18.92,19.45,18.8,1301413.0,24766916.0
2014-05-16,18.87,18.82,19.05,18.75,896337.0,16907472.0
2014-05-19,18.88,18.63,18.88,18.55,921086.0,17180838.0
2014-05-20,18.58,18.41,18.73,18.36,1325396.0,24565644.0
2014-05-21,18.39,18.95,19.02,18.24,1273283.0,23883922.0
2014-05-22,18.96,18.88,19.07,18.88,690872.0,13089543.0
2014-05-23,18.65,19.05,19.05,18.54,1485086.0,27838040.0
2014-05-26,19.11,18.82,19.24,18.65,1777634.0,33592688.0
2014-05-27,18.8,19.41,19.45,18.55,1923607.0,36627592.0
2014-05-28,19.33,19.26,19.37,19.02,971990.0,18611134.0
2014-05-29,19.33,19.56,19.64,19.08,1385087.0,26800204.0
2014-05-30,19.52,21.52,21.52,19.52,6651461.0,138761840.0
2014-06-03,21.74,21.28,21.74,21.18,3167512.0,67750128.0
2014-06-04,21.31,20.85,21.41,20.52,2262910.0,46959224.0
2014-06-05,20.85,21.35,21.89,20.64,3282427.0,70596384.0
2014-06-06,21.54,20.87,21.54,20.63,1820721.0,38034764.0
2014-06-09,20.64,21.44,21.75,20.55,2427450.0,51275456.0
2014-06-10,21.09,22.28,22.72,21.09,4140474.0,91788552.0
2014-06-11,22.22,22.08,22.77,21.88,2948027.0,65911088.0
2014-06-12,22.29,22.28,22.44,21.75,1206950.0,26677850.0
2014-06-13,22.29,22.67,23.05,22.22,4554208.0,103375288.0
2014-06-16,22.75,22.53,23.23,22.27,2845003.0,64371696.0
2014-06-17,22.5,21.4,22.5,21.38,2113635.0,46094020.0
2014-06-18,21.44,21.71,21.8,21.09,1557765.0,33477926.0
2014-06-19,21.61,20.81,21.66,20.81,2445341.0,51875988.0
2014-06-20,20.85,21.48,21.53,20.82,1149231.0,24475440.0
2014-06-23,21.47,21.64,22.09,21.36,1210922.0,26384418.0
2014-06-24,21.61,22.28,22.36,21.46,1739566.0,38280752.0
2014-06-25,22.2,21.95,22.5,21.78,958188.0,21162962.0
2014-06-26,21.95,22.41,22.41,21.71,1597381.0,35282756.0
2014-06-27,22.35,22.18,22.35,21.73,1255209.0,27711216.0
2014-06-30,22.18,21.97,22.26,21.75,1394636.0,30673360.0
2014-07-01,21.85,21.76,22.19,21.54,1443422.0,31493834.0
2014-07-02,21.78,21.72,21.85,21.42,1841479.0,39635220.0
2014-07-03,21.82,21.84,22.13,21.42,1429103.0,31187482.0
2014-07-04,21.91,21.51,21.91,21.5,1100709.0,23804172.0
2014-07-07,21.52,21.2,21.72,21.18,2225428.0,47753896.0
2014-07-08,21.23,22.25,22.25,21.16,3781459.0,81944448.0
2014-07-09,22.22,22.07,22.36,21.84,2553079.0,56415356.0
2014-07-10,22.06,21.91,22.37,21.89,1191402.0,26227824.0
2014-07-11,22.06,23.35,23.49,21.92,3490235.0,80334512.0
2014-07-14,23.43,24.26,24.63,23.33,3870558.0,92767104.0
2014-07-15,24.08,24.86,24.86,22.93,5057586.0,117720744.0
2014-07-16,23.95,23.27,23.95,23.23,3512506.0,82126280.0
2014-07-17,23.07,23.68,23.7,22.39,3472066.0,79791872.0
2014-07-18,23.25,23.9,23.94,23.06,1611937.0,38118024.0
2014-07-21,23.9,23.11,23.93,23.08,1449328.0,33739300.0
2014-07-22,22.93,22.92,23.46,22.84,3966660.0,91727768.0
2014-07-23,23.0,22.03,23.13,21.52,5975727.0,132681376.0
2014-07-24,21.91,22.22,22.59,21.91,3913210.0,87394288.0
2014-07-25,22.06,22.6,22.78,22.06,1619055.0,36301940.0
2014-07-28,22.76,22.37,23.0,22.34,3655490.0,82350376.0
2014-07-29,22.37,23.31,23.39,22.05,3513048.0,80903752.0
2014-07-30,23.23,23.15,23.31,22.54,3021672.0,69366000.0
2014-07-31,23.23,23.42,23.54,23.04,1724264.0,40242204.0
2014-08-01,23.31,23.22,23.54,23.07,1403683.0,32689734.0
2014-08-04,23.22,23.23,23.44,23.07,1437636.0,33414496.0
2014-08-05,23.56,24.01,24.31,23.56,3118139.0,74420672.0
2014-08-06,24.01,25.94,26.32,23.84,3872835.0,98158448.0
2014-08-07,26.42,25.58,26.57,25.55,3802310.0,98477456.0
2014-08-08,25.62,25.41,25.64,25.24,2826421.0,71812712.0
2014-08-11,25.4,25.4,25.62,25.03,3937429.0,99784048.0
2014-08-12,25.39,25.21,25.4,24.74,2711641.0,67925080.0
2014-08-13,25.01,24.42,25.28,24.08,4283367.0,105283888.0
2014-08-14,24.36,24.71,25.35,24.21,4318767.0,108027368.0
2014-08-15,24.85,24.78,24.95,24.53,1587171.0,39307384.0
2014-08-18,24.78,25.03,25.07,24.48,1530153.0,37910168.0
2014-08-19,25.06,24.64,25.13,24.59,1446492.0,35786888.0
2014-08-20,24.63,24.5,24.86,24.36,1446926.0,35629312.0
2014-08-21,24.61,24.99,24.99,24.39,2010878.0,49519692.0
2014-08-22,25.06,25.44,25.54,24.91,2441437.0,61858024.0
2014-08-25,25.48,24.67,25.48,24.63,1609624.0,39968800.0
2014-08-26,24.67,23.65,24.78,23.34,2671313.0,64085664.0
2014-08-27,23.7,24.15,24.22,23.65,1442878.0,34505660.0
2014-08-28,23.81,23.6,24.04,23.35,1477702.0,34993640.0
2014-08-29,23.54,23.45,23.73,23.19,2134668.0,50086648.0
2014-09-01,23.54,24.23,24.46,23.53,3638897.0,87612264.0
2014-09-02,24.16,24.22,24.31,23.97,2002585.0,48284172.0
2014-09-03,24.16,23.97,24.16,23.65,5171298.0,123390448.0
2014-09-04,23.96,24.08,24.08,23.72,3206861.0,76728784.0
2014-09-05,24.14,24.85,24.94,24.14,5142710.0,126812808.0
2014-09-09,25.06,24.73,25.06,24.57,2822774.0,69651832.0
2014-09-10,24.71,25.06,25.16,24.49,3285918.0,81666648.0
2014-09-11,25.11,25.44,25.98,25.07,4804018.0,122705376.0
2014-09-12,25.41,25.52,25.6,24.9,1730549.0,43876608.0
2014-09-15,25.38,24.69,25.38,24.32,4129278.0,101584512.0
2014-09-16,24.67,24.08,24.67,23.91,3863058.0,93198752.0
2014-09-17,23.89,23.8,24.08,23.66,2963907.0,70506288.0
2014-09-18,23.8,23.97,24.15,23.78,1843724.0,44156608.0
2014-09-19,23.99,23.72,24.06,23.56,3166817.0,74982584.0
2014-09-22,23.66,22.98,23.77,22.61,4345896.0,100223696.0
2014-09-23,22.98,22.9,23.01,22.61,3755653.0,85523784.0
2014-09-24,22.86,23.24,23.35,22.53,8342270.0,190235024.0
2014-09-25,23.21,22.76,23.3,22.69,5117263.0,117590064.0
2014-09-26,22.76,22.38,22.89,22.3,5740565.0,128733760.0
2014-09-29,22.44,22.55,22.66,22.38,4546157.0,102347312.0
2014-09-30,22.57,22.64,22.67,22.48,3412039.0,77093144.0
2014-10-08,22.69,23.0,23.07,22.65,6279855.0,143977712.0
2014-10-09,23.21,23.04,23.35,22.93,6073289.0,140544464.0
2014-10-10,22.98,22.37,23.0,22.28,6291632.0,141980000.0
2014-10-13,22.37,22.12,22.57,21.89,4466135.0,98547800.0
2014-10-14,22.12,22.23,22.34,22.03,2867428.0,63602148.0
2014-10-15,22.23,22.13,22.44,22.01,4162341.0,92798544.0
2014-10-16,22.1,21.48,22.1,21.44,4873247.0,105894144.0
2014-10-17,21.48,21.83,21.97,21.36,2323725.0,50232360.0
2014-10-20,21.91,21.72,22.06,21.56,3706043.0,80766288.0
2014-10-21,21.78,21.44,21.78,21.19,3346607.0,71825440.0
2014-10-22,21.45,20.77,21.66,20.72,5858967.0,124872128.0
2014-10-23,20.82,21.02,21.38,20.77,4126985.0,86966576.0
2014-10-24,21.02,20.88,21.19,20.82,2134364.0,44843532.0
2014-10-27,20.91,20.59,20.97,20.42,3213227.0,66502080.0
2014-10-28,20.7,21.47,21.55,20.61,4161815.0,88534936.0
2014-10-29,21.6,21.84,21.96,21.48,3966102.0,86445864.0
2014-10-30,21.83,21.57,22.2,21.57,3266588.0,71397824.0
2014-10-31,21.54,21.74,21.85,21.4,3259898.0,70311208.0
2014-11-03,21.83,22.51,22.51,21.77,7870301.0,175959440.0
2014-11-04,22.36,22.58,22.63,22.3,6257977.0,140906640.0
2014-11-05,22.55,22.77,22.94,22.3,3235718.0,73563608.0
2014-11-06,22.78,22.34,22.78,22.23,2158538.0,48288552.0
2014-11-07,22.25,22.28,22.84,21.94,4902759.0,109860032.0
2014-11-10,22.28,23.97,24.17,21.66,9034584.0,209120192.0
2014-11-11,23.91,23.08,24.0,22.81,5647792.0,133457688.0
2014-11-12,23.08,23.42,23.51,22.77,2082411.0,48406244.0
2014-11-13,23.42,23.24,23.97,23.15,2168035.0,50816896.0
2014-11-14,23.24,23.06,23.24,22.72,1171669.0,26972794.0
2014-11-17,23.06,23.59,23.99,23.06,2294334.0,54390888.0
2014-11-18,23.59,23.3,23.93,23.15,2106120.0,49691436.0
2014-11-19,23.31,23.13,23.49,23.04,1507368.0,35048100.0
2014-11-20,23.0,22.76,23.04,22.37,2142818.0,48443012.0
2014-11-21,22.67,23.73,23.84,22.6,2664402.0,61948064.0
2014-11-24,23.74,23.98,24.77,23.74,4590431.0,110678200.0
2014-11-25,23.95,24.43,24.57,23.47,5434041.0,130816288.0
2014-11-26,24.25,23.85,24.55,23.83,3003083.0,72751840.0
2014-11-27,24.08,23.23,24.08,23.03,5174316.0,120539504.0
2014-11-28,22.76,23.46,23.69,22.76,4245045.0,99284976.0
2014-12-01,23.45,22.83,23.53,22.65,5235450.0,119895736.0
2014-12-02,22.75,23.35,23.62,22.74,3531651.0,82413848.0
2014-12-03,23.35,24.25,24.36,23.35,6473680.0,155349488.0
2014-12-04,24.28,25.03,26.03,24.28,5853401.0,148457328.0
2014-12-05,25.05,25.46,26.11,24.67,6101986.0,155952800.0
2014-12-08,25.54,25.3,25.59,24.71,5177120.0,130007864.0
2014-12-09,25.09,24.52,27.41,24.08,6999945.0,177941600.0
2014-12-10,24.53,25.6,25.8,24.0,4560650.0,115603960.0
2014-12-11,25.6,25.63,26.41,25.33,3703637.0,96470160.0
2014-12-12,26.03,26.31,26.41,25.33,2908842.0,75853424.0
2014-12-15,26.3,26.55,26.64,26.14,1905965.0,50439428.0
2014-12-16,26.59,25.55,26.69,25.45,4144881.0,106824416.0
2014-12-17,25.55,24.94,25.87,24.71,3968884.0,100166032.0
2014-12-18,24.87,24.38,25.04,24.12,5110358.0,124695480.0
2014-12-19,24.3,23.89,24.7,23.42,4751986.0,113217360.0
2014-12-22,23.88,23.45,23.89,23.09,3700911.0,86202064.0
2014-12-23,23.45,24.2,24.38,23.31,4079834.0,98233128.0
2014-12-24,24.21,23.42,24.46,23.35,4348594.0,103068216.0
2014-12-25,23.45,24.01,24.08,23.41,2789492.0,66438208.0
2014-12-26,23.93,24.07,24.32,23.81,1919221.0,45983996.0
2014-12-29,24.22,23.95,24.32,23.7,2568460.0,61459308.0
2014-12-30,23.97,22.92,23.97,22.87,6044846.0,139708816.0
2014-12-31,23.08,23.54,23.7,22.91,2451376.0,57507808.0
2015-01-05,23.54,25.89,25.89,23.54,7473886.0,187790608.0
2015-01-06,25.86,27.66,28.22,25.64,8987628.0,245336336.0
2015-01-07,27.7,27.18,28.32,27.02,4151297.0,115654800.0
2015-01-08,27.26,28.16,28.62,26.81,4324585.0,121435928.0
2015-01-09,27.97,27.47,28.25,27.36,2683101.0,74686336.0
2015-01-12,27.58,30.22,30.22,27.49,5192863.0,153333776.0
2015-01-13,30.75,30.53,31.02,29.65,4099193.0,123995784.0
2015-01-14,30.55,29.78,31.07,29.77,4258791.0,130386712.0
2015-01-15,29.48,29.7,30.19,28.64,2152711.0,63467356.0
2015-01-16,29.42,30.14,31.0,29.13,3916521.0,118477224.0
2015-01-19,28.76,28.07,29.76,27.97,4295882.0,124202632.0
2015-01-20,28.57,29.13,29.27,27.99,2460264.0,71039416.0
2015-01-21,29.83,30.82,32.05,29.83,4646016.0,144067552.0
2015-01-22,30.69,30.91,31.53,30.49,2781657.0,86440024.0
2015-01-23,30.91,29.91,31.23,29.65,2112608.0,63977940.0
2015-01-26,30.3,29.6,30.38,29.23,2303917.0,68330848.0
2015-01-27,29.59,29.95,30.77,29.44,3516962.0,105578328.0
2015-01-28,29.88,29.29,29.88,28.65,2205896.0,64700612.0
2015-01-29,29.14,29.44,29.49,28.71,1986523.0,57754892.0
2015-01-30,29.35,29.8,29.86,29.14,2632330.0,77692736.0
2015-02-02,29.53,30.28,30.44,28.86,3360732.0,100825992.0
2015-02-03,30.55,31.0,31.53,30.55,3882319.0,120443464.0
2015-02-04,31.19,31.08,31.49,30.38,3193024.0,99008392.0
2015-02-05,31.08,30.07,31.08,30.0,3446615.0,104361696.0
2015-02-06,29.76,29.04,30.0,28.89,1257444.0,36943324.0
2015-02-09,28.77,29.06,30.03,28.77,2100988.0,62109140.0
2015-02-10,29.12,30.3,30.49,29.06,3509891.0,105212128.0
2015-02-11,30.4,30.23,30.42,29.87,2109854.0,63703484.0
2015-02-12,30.23,30.18,30.38,29.65,1137753.0,34299324.0
2015-02-13,30.02,31.08,31.15,30.02,2804769.0,86118144.0
2015-02-16,31.08,31.22,31.38,30.53,1647330.0,50993828.0
2015-02-17,31.19,31.64,32.47,30.84,1505991.0,48080996.0
2015-02-25,31.38,30.66,31.5,30.07,2933437.0,89597088.0
2015-02-26,30.61,30.67,31.0,30.21,2513576.0,76683216.0
2015-02-27,30.67,30.85,31.23,30.31,1339311.0,41514480.0
2015-03-02,31.23,32.23,32.48,30.92,4518322.0,144247552.0
2015-03-03,32.24,30.79,32.28,30.46,3869291.0,120334856.0
2015-03-04,30.77,31.27,32.21,30.77,4140083.0,129910024.0
2015-03-05,31.25,30.45,31.62,30.3,3151433.0,96857400.0
2015-03-06,30.38,29.53,30.61,29.46,3025361.0,90498312.0
2015-03-09,29.29,30.14,30.71,29.29,2903820.0,87819576.0
2015-03-10,30.21,29.77,30.45,29.64,1614871.0,48350632.0
2015-03-11,29.77,30.03,30.29,29.77,1318326.0,39596956.0
2015-03-12,30.05,30.18,30.29,29.5,2370133.0,70890576.0
2015-03-13,30.18,29.72,30.23,29.6,2354361.0,70157424.0
2015-03-16,29.76,29.99,30.1,29.57,5345894.0,159323424.0
2015-03-17,30.31,30.8,31.34,30.02,7616320.0,233423552.0
2015-03-18,30.8,30.77,31.15,30.41,7252279.0,222794400.0
2015-03-19,30.79,31.5,31.5,30.53,5478981.0,169951072.0
2015-03-20,31.53,31.04,31.53,30.92,3946322.0,122571376.0
2015-03-23,31.01,31.18,31.45,30.62,6154764.0,190856176.0
2015-03-24,31.27,30.5,31.27,30.05,5107197.0,156407792.0
2015-03-25,30.52,31.66,31.68,30.22,7603968.0,236341104.0
2015-03-26,31.7,32.09,32.63,31.32,6563792.0,210629344.0
2015-03-27,32.11,32.49,32.79,31.92,4930918.0,160130608.0
2015-03-30,32.16,32.3,32.79,31.61,4269584.0,136644688.0
2015-03-31,32.42,33.39,34.09,31.62,6664340.0,221686432.0
2015-04-01,33.41,33.48,33.83,32.67,4154211.0,138657520.0
2015-04-02,33.48,33.1,33.61,32.63,4725729.0,155684096.0
2015-04-03,32.65,32.28,32.79,31.96,5613438.0,181514336.0
2015-04-07,32.4,32.61,33.02,32.23,7580791.0,246741296.0
2015-04-08,32.63,32.1,32.77,31.72,6051384.0,194306768.0
2015-04-09,32.05,31.05,32.08,30.69,4469369.0,139340704.0
2015-04-10,31.04,31.65,31.78,30.84,4899025.0,153807760.0
2015-04-13,31.68,32.37,32.67,31.35,6230444.0,199896496.0
2015-04-14,32.24,31.76,32.42,31.73,3957602.0,126658560.0
2015-04-15,31.76,31.01,31.78,30.77,4904495.0,152849600.0
2015-04-16,30.81,33.17,33.4,30.58,7489812.0,239149296.0
2015-04-17,33.43,32.86,33.56,32.48,6235734.0,205572608.0
2015-04-20,32.54,31.76,32.54,31.64,5304193.0,169442832.0
2015-04-21,31.76,34.46,34.94,31.62,11953557.0,403671488.0
2015-04-22,34.53,34.65,35.41,33.97,9819112.0,338410688.0
2015-04-23,34.73,34.04,35.23,33.8,5984562.0,204581168.0
2015-04-24,33.87,33.02,33.9,32.58,6236297.0,206876560.0
2015-04-27,33.1,32.86,33.53,32.54,7301005.0,240349248.0
2015-04-28,32.64,31.4,33.31,30.69,10932961.0,347061312.0
2015-04-29,31.38,31.66,31.83,30.87,5490697.0,172647088.0
2015-04-30,31.66,32.01,32.44,31.06,6685966.0,211287824.0
2015-05-04,31.7,31.7,31.91,31.22,6957043.0,219301696.0
2015-05-05,31.47,29.76,31.49,29.13,10440712.0,315980416.0
2015-05-06,29.76,29.18,30.29,29.17,6895985.0,205084464.0
2015-05-07,29.2,29.69,29.69,29.06,4065658.0,119216912.0
2015-05-08,29.75,29.9,29.99,29.44,5709924.0,169483728.0
2015-05-11,29.91,30.45,30.48,29.48,7727840.0,230749760.0
2015-05-12,30.38,30.14,30.44,29.87,7152890.0,215542512.0
2015-05-13,30.14,29.56,30.15,29.46,7404993.0,219772736.0
2015-05-14,29.55,29.72,29.9,29.29,4472818.0,132175752.0
2015-05-15,29.72,29.05,29.79,28.65,7137092.0,207275904.0
2015-05-18,28.83,29.23,29.58,28.75,5748919.0,167804848.0
2015-05-19,29.25,29.97,30.11,29.11,7748050.0,230270752.0
2015-05-20,29.99,29.86,30.68,29.79,8426202.0,255922864.0
2015-05-21,29.83,30.07,30.3,29.68,8629204.0,258903392.0
2015-05-22,30.44,30.94,31.05,30.05,14611651.0,446159968.0
2015-05-25,30.98,31.93,32.24,30.95,20424423.0,644790144.0
2015-05-26,32.09,32.06,32.37,31.58,15856298.0,506371168.0
2015-05-27,32.09,31.8,32.36,31.39,12375322.0,393268640.0
2015-05-28,31.78,29.76,31.78,29.76,12579115.0,389469696.0
2015-05-29,29.7,28.85,30.14,27.31,11065170.0,318715264.0
2015-06-01,28.74,30.22,30.24,28.44,10384119.0,303708096.0
2015-06-02,30.05,30.14,30.16,29.34,10521990.0,314000512.0
2015-06-03,30.07,30.6,30.95,29.68,9147310.0,278488544.0
2015-06-04,30.49,30.0,31.06,27.71,9007898.0,269862944.0
2015-06-05,30.18,31.33,31.38,30.18,15236668.0,469785472.0
2015-06-08,31.7,32.26,32.79,31.54,20428946.0,657401856.0
2015-06-09,32.3,31.48,32.35,31.15,11742750.0,371121184.0
2015-06-10,31.28,31.7,31.98,30.61,12786162.0,401783424.0
2015-06-11,31.71,31.46,31.85,30.7,15319222.0,478003872.0
2015-06-12,31.57,31.89,31.99,31.39,20790072.0,660895296.0
2015-06-15,31.93,30.69,32.16,30.54,15210210.0,477368640.0
2015-06-16,30.3,31.62,31.62,29.13,13108095.0,395499712.0
2015-06-17,31.62,32.86,34.18,31.62,28022131.0,917028992.0
2015-06-18,32.36,33.41,33.8,32.05,24977774.0,826113984.0
2015-06-19,32.77,32.26,34.57,32.19,25911788.0,875872512.0
2015-06-23,31.39,35.49,35.49,30.92,34053445.0,1143134336.0
2015-06-24,36.03,36.89,38.01,34.96,35953756.0,1296668416.0
2015-06-25,36.63,34.26,37.63,33.27,30996930.0,1107531392.0
2015-06-26,33.17,30.84,34.09,30.84,23707323.0,769513408.0
2015-06-29,31.55,27.75,31.85,27.75,26484515.0,765859456.0
2015-06-30,27.75,28.51,29.27,25.06,25007410.0,678497024.0
2015-07-01,27.94,26.5,29.83,26.49,19536865.0,556779904.0
2015-07-02,26.5,24.99,26.97,24.18,18400227.0,464588768.0
2015-07-03,24.32,24.46,26.48,22.5,15020983.0,366731648.0
2015-07-06,26.8,26.11,26.87,22.54,20374504.0,514915936.0
2015-07-07,25.33,23.5,26.01,23.5,16309668.0,403802720.0
2015-07-08,21.15,22.4,23.88,21.15,26409046.0,581083584.0
2015-07-09,22.4,24.64,24.64,22.4,12099994.0,292313216.0
2015-07-10,24.87,27.1,27.1,24.87,11092991.0,296024352.0
2015-07-13,27.72,29.14,29.29,27.19,15813764.0,453041952.0
2015-07-14,27.28,26.97,29.03,26.58,12880738.0,358511840.0
2015-07-15,26.95,24.27,26.95,24.27,9568616.0,240099680.0
2015-07-16,24.27,25.26,26.3,23.7,7890271.0,198874400.0
2015-07-17,25.64,27.4,27.79,25.26,7970881.0,213810080.0
2015-07-20,27.4,27.21,27.85,26.45,6609938.0,179894352.0
2015-07-21,26.8,27.76,28.25,26.31,6913791.0,188975520.0
2015-07-22,27.97,28.08,28.12,27.19,7082143.0,195769120.0
2015-07-23,27.81,27.89,28.09,26.98,8732367.0,240545072.0
2015-07-24,27.86,26.49,27.86,26.34,8983449.0,244473968.0
2015-07-27,25.79,23.84,26.09,23.84,6745298.0,168910656.0
2015-07-28,23.33,25.23,25.51,22.0,9446867.0,228706784.0
2015-07-29,24.99,25.87,25.88,24.72,4718065.0,118901352.0
2015-07-30,25.88,24.39,25.88,24.03,3232608.0,82305168.0
2015-07-31,24.05,24.76,24.84,23.89,2592576.0,63247104.0
2015-08-03,24.04,27.24,27.24,24.04,9397760.0,243574176.0
2015-08-04,27.23,27.05,27.6,25.95,11546692.0,309346400.0
2015-08-05,26.74,25.95,26.74,25.55,6156176.0,161774944.0
2015-08-06,25.55,25.83,26.76,25.16,3918365.0,102836696.0
2015-08-07,26.19,26.09,26.5,25.83,4673613.0,121902064.0
2015-08-10,26.19,26.87,27.04,25.75,8184698.0,216364912.0
2015-08-11,26.63,26.82,27.59,26.5,7471242.0,201604880.0
2015-08-12,26.89,25.69,27.14,25.56,5363165.0,141379424.0
2015-08-13,25.55,25.79,25.91,25.15,4803639.0,122916856.0
2015-08-14,25.94,25.79,26.47,25.67,4511108.0,117424832.0
2015-08-17,25.79,25.79,26.15,25.34,5579929.0,143124112.0
2015-08-18,25.82,23.68,26.07,23.5,6674783.0,165854128.0
2015-08-19,23.38,24.27,24.52,22.03,5993483.0,140113968.0
2015-08-20,23.94,23.0,24.03,22.58,3612150.0,84492400.0
2015-08-21,22.75,21.19,22.78,21.0,7645547.0,166415856.0
2015-08-24,19.97,19.07,20.04,19.07,5622864.0,107954024.0
2015-08-25,17.16,17.71,18.2,17.16,10617539.0,187123872.0
2015-08-26,18.16,18.55,19.48,17.33,7976095.0,148331728.0
2015-08-27,18.6,19.12,19.48,17.97,4180507.0,78982416.0
2015-08-28,19.46,20.52,20.66,19.24,5418959.0,107248304.0
2015-08-31,20.36,19.65,20.36,19.4,3901461.0,77183968.0
2015-09-01,19.56,18.27,19.56,17.88,3970101.0,72992720.0
2015-09-02,18.04,20.09,20.09,17.16,10041564.0,193749472.0
2015-09-07,20.2,20.43,21.36,20.13,4506232.0,94273904.0
2015-09-08,20.24,21.66,21.99,19.71,4689653.0,97988296.0
2015-09-09,21.64,21.53,22.35,21.24,6890197.0,150128128.0
2015-09-10,21.45,21.39,21.53,20.82,4571686.0,96495488.0
2015-09-11,21.08,20.76,21.4,20.36,3752166.0,78077760.0
2015-09-14,21.11,19.64,21.13,19.19,3332999.0,67436840.0
2015-09-15,19.53,18.92,19.73,18.76,2877193.0,55105792.0
2015-09-16,18.92,20.52,20.81,18.9,3058338.0,60403688.0
2015-09-17,20.49,20.07,20.53,19.94,3037290.0,61525756.0
2015-09-18,20.21,20.12,20.3,19.72,1490445.0,29838924.0
2015-09-21,19.8,20.74,20.92,19.8,1846967.0,37758244.0
2015-09-22,20.84,20.9,21.17,20.56,2388663.0,49916976.0
2015-09-23,20.64,20.37,20.82,20.2,1914219.0,39341500.0
2015-09-24,20.6,20.6,20.72,20.38,1239900.0,25464464.0
2015-09-25,20.52,20.01,20.52,19.36,2820073.0,56135696.0
2015-09-28,19.96,20.21,20.51,19.61,1297296.0,26217400.0
2015-09-29,19.81,20.12,20.24,19.48,1656056.0,33006166.0
2015-09-30,20.9,20.63,21.2,20.48,2234871.0,46311196.0
2015-10-08,21.43,21.1,21.55,21.09,3144968.0,66995296.0
2015-10-09,21.12,20.74,21.12,20.27,5815836.0,119077208.0
2015-10-12,20.8,21.62,22.0,20.6,4949923.0,105890968.0
2015-10-13,21.48,21.44,21.68,21.08,2772370.0,59302272.0
2015-10-14,21.48,21.12,21.65,21.08,2205784.0,47146924.0
2015-10-15,20.84,21.51,21.55,20.84,2879795.0,61296884.0
2015-10-16,21.6,21.92,22.35,21.49,3907150.0,85212936.0
2015-10-19,22.11,22.15,22.7,21.54,4522613.0,99543328.0
2015-10-20,21.79,21.89,22.1,21.57,2962464.0,64628104.0
2015-10-21,21.86,20.36,22.05,20.1,3554399.0,75572728.0
2015-10-22,20.4,20.94,20.98,19.96,2436201.0,50062812.0
2015-10-23,20.93,20.96,21.24,20.72,2653011.0,55613168.0
2015-10-26,21.19,21.55,21.87,21.19,4715894.0,101611616.0
2015-10-27,21.53,22.4,22.67,20.72,7384109.0,163223360.0
2015-10-28,22.23,21.7,22.62,21.55,4357456.0,96047928.0
2015-10-29,21.96,22.53,22.54,21.7,5290750.0,117995672.0
2015-10-30,22.43,23.19,23.45,22.19,7564539.0,173630976.0
2015-11-02,22.67,24.09,24.73,22.55,7588439.0,183444416.0
2015-11-03,23.18,24.0,24.47,23.18,5244573.0,126233128.0
2015-11-04,23.95,24.87,24.89,23.89,3490531.0,86120824.0
2015-11-05,24.87,24.71,25.19,24.31,4536345.0,111829584.0
2015-11-06,24.62,25.08,25.18,24.3,5618299.0,140597792.0
2015-11-09,25.0,23.95,25.48,23.93,9998784.0,245261280.0
2015-11-10,23.95,23.62,24.16,23.39,7164258.0,169716464.0
2015-11-11,23.51,24.11,24.11,23.51,3943951.0,94014952.0
2015-11-12,24.21,24.2,24.39,23.75,3769757.0,90876888.0
2015-11-13,23.9,24.15,24.84,23.83,4250041.0,103685968.0
2015-11-16,23.47,23.87,24.1,23.31,5372254.0,127335064.0
2015-11-17,23.95,23.7,24.02,23.48,3973121.0,94549104.0
2015-11-18,23.77,23.51,23.89,23.35,2479206.0,58382432.0
2015-11-19,23.51,23.81,23.91,23.33,1742223.0,41236540.0
2015-11-20,23.71,23.74,23.94,23.52,2860074.0,67982664.0
2015-11-23,23.71,23.62,24.01,23.48,2433767.0,57917476.0
2015-11-24,23.61,23.15,23.7,23.06,3544893.0,82270840.0
2015-11-25,23.15,23.34,23.36,23.11,3277218.0,76050864.0
2015-11-26,23.4,23.3,23.48,23.16,3440089.0,80204408.0
2015-11-27,23.3,22.27,23.3,21.71,3303501.0,75232656.0
2015-11-30,21.87,22.75,23.02,21.87,2865110.0,64750076.0
2015-12-01,22.88,22.67,22.88,22.19,3047174.0,68399680.0
2015-12-02,22.66,23.49,23.89,22.48,5443091.0,127544136.0
2015-12-03,23.32,23.52,23.59,23.0,6533222.0,151881776.0
2015-12-04,23.23,22.82,23.3,22.68,3614178.0,82745408.0
2015-12-07,22.82,22.96,23.07,22.59,2298884.0,52462284.0
2015-12-08,22.98,23.45,23.83,22.66,5124531.0,119826816.0
2015-12-09,23.24,23.86,24.03,23.18,4204997.0,99912976.0
2015-12-10,23.95,23.94,24.33,23.37,4579194.0,109258344.0
2015-12-11,23.71,24.73,24.79,23.56,5763229.0,140552896.0
2015-12-14,24.73,24.97,25.15,24.19,6005569.0,148369984.0
2015-12-15,24.71,24.99,25.11,23.96,5714955.0,140052864.0
2015-12-16,24.73,24.24,24.88,24.23,2720598.0,66531288.0
2015-12-17,24.28,24.56,25.01,24.28,3135756.0,76980960.0
2015-12-18,24.57,24.04,24.71,23.85,2727925.0,66138348.0
2015-12-21,23.93,24.76,24.96,23.93,4302269.0,106026456.0
2015-12-22,24.91,25.16,25.8,24.67,5690820.0,143545200.0
2015-12-23,25.11,24.76,25.16,24.56,3686732.0,91426984.0
2015-12-24,24.67,24.33,24.75,24.07,2229284.0,54217080.0
2015-12-25,24.55,24.39,24.71,24.23,1548460.0,37874960.0
2015-12-28,24.51,24.02,24.55,23.91,2669852.0,64684968.0
2015-12-29,23.79,24.57,24.58,23.79,1785285.0,43413696.0
2015-12-30,24.63,24.44,24.8,24.21,1543466.0,37959780.0
2015-12-31,24.42,23.93,24.72,23.69,2867378.0,68757840.0
2016-01-04,23.94,21.81,23.94,21.7,2078044.0,47710732.0
2016-01-05,21.01,22.03,22.67,20.76,4200599.0,92310752.0
2016-01-06,22.03,22.45,22.8,21.71,2875610.0,64559960.0
2016-01-07,22.13,20.92,22.27,20.85,358438.0,7703560.0
2016-01-08,21.0,21.95,22.62,21.0,4203466.0,92436320.0
2016-01-11,21.79,21.16,22.35,21.12,2762967.0,59872496.0
2016-01-12,21.28,21.53,21.86,21.0,1938445.0,41298844.0
2016-01-13,21.55,20.84,21.91,20.76,1694814.0,36549172.0
2016-01-14,20.52,21.06,21.2,19.3,5308775.0,106390624.0
2016-01-15,20.66,20.64,20.72,20.2,2631840.0,53860216.0
2016-01-18,20.33,21.23,21.37,20.0,2635085.0,55448480.0
2016-01-19,21.27,21.62,21.62,20.76,3780904.0,80182064.0
2016-01-20,21.32,21.28,21.53,20.92,3864624.0,82336184.0
2016-01-21,20.95,21.08,21.67,20.76,1902896.0,40461708.0
2016-01-22,21.42,21.55,21.63,21.08,1512899.0,32472756.0
2016-01-25,21.96,21.58,21.97,20.9,2076958.0,44209200.0
2016-01-26,21.24,20.37,21.53,19.96,2045626.0,42881564.0
2016-01-27,20.34,19.89,20.44,18.76,1601892.0,31562150.0
2016-01-28,19.96,19.8,20.39,19.65,2616466.0,52864688.0
2016-01-29,19.95,20.33,20.6,19.89,1845679.0,37565209.79
2016-02-01,20.33,20.6,21.04,20.28,3562140.0,73655037.4
2016-02-02,20.44,21.48,21.78,20.23,2574106.0,55050582.93
2016-02-03,20.76,20.52,20.76,19.56,3128475.0,63541871.15
2016-02-04,20.36,20.36,20.8,20.32,2082594.0,42700397.73
2016-02-05,20.43,20.01,20.58,19.95,1284805.0,26046709.78
2016-02-15,19.45,19.8,19.9,19.3,1267431.0,24837748.84
2016-02-16,19.81,20.46,20.56,19.61,1465816.0,29783887.79
2016-02-17,20.74,20.62,20.74,20.37,833356.0,17117428.41
2016-02-18,20.8,20.61,20.8,20.56,1077084.0,22246794.77
2016-02-19,20.44,20.67,20.8,20.24,1728949.0,35620212.14
2016-02-22,20.8,22.74,22.74,20.8,9146194.0,205477842.45
2016-02-23,23.03,22.75,23.67,22.06,8390382.0,192980647.83
2016-02-24,22.91,22.83,23.06,21.92,4496802.0,101038190.38
2016-02-25,22.59,20.55,22.72,20.55,3785337.0,82562656.45
2016-02-26,20.25,20.8,21.15,20.25,3531725.0,73237284.22
2016-02-29,20.8,19.32,20.8,18.8,3258855.0,62726765.62
2016-03-01,19.4,20.15,20.63,18.6,2536290.0,50150544.79
2016-03-02,20.42,21.03,21.23,20.18,3117214.0,65081674.66
2016-03-03,20.6,20.56,21.07,20.37,3466672.0,71971644.04
2016-03-04,20.44,20.12,20.9,19.81,3611718.0,73823931.63
2016-03-07,19.88,20.41,20.94,19.88,1921591.0,39407022.03
2016-03-08,20.28,20.13,20.42,19.72,1629923.0,32559539.53
2016-03-09,19.88,19.87,20.62,19.62,2427420.0,48668258.56
2016-03-10,19.87,19.62,20.34,19.57,1643575.0,32742846.75
2016-03-11,19.54,19.48,19.74,19.3,2172065.0,42345501.65
2016-03-14,19.7,20.45,20.64,19.7,2947924.0,60102222.68
2016-03-15,20.68,20.35,20.68,20.13,2011788.0,40806411.39
2016-03-16,20.25,20.0,20.54,19.81,1981588.0,39912459.67
2016-03-17,20.03,20.45,20.68,20.0,2885888.0,58706861.72
2016-03-18,20.36,20.97,21.12,20.34,3056308.0,63557049.17
2016-03-21,21.72,21.24,21.79,21.04,4138343.0,88357239.37
2016-03-22,21.08,21.14,21.28,20.8,3668820.0,77270562.73
2016-03-23,21.14,21.39,21.52,21.02,2944807.0,62713954.45
2016-03-24,21.15,20.83,21.4,20.78,3070912.0,64622539.3
2016-03-25,20.92,20.74,21.06,20.6,2349338.0,48859080.8
2016-03-28,20.84,20.71,21.16,20.54,3626529.0,75957524.07
2016-03-29,20.76,20.46,20.76,20.14,3068280.0,62911491.08
2016-03-30,20.46,20.95,20.96,20.46,4128637.0,85581871.35
2016-03-31,21.11,21.05,21.12,20.88,4028095.0,84674528.76
2016-04-01,21.07,21.16,21.23,20.83,3434921.0,72221617.79
2016-04-05,21.2,21.38,21.47,21.01,3901035.0,82961018.6
2016-04-06,21.24,21.21,21.51,21.11,3694367.0,78614007.31
2016-04-07,21.28,20.96,21.39,20.95,4847916.0,102651651.53
2016-04-08,20.76,20.68,20.92,20.45,3241465.0,67145938.55
2016-04-11,20.62,20.96,21.11,20.62,3467451.0,72790491.94
2016-04-12,20.96,20.61,20.98,20.52,2741634.0,56602173.33
2016-04-13,20.76,20.99,21.08,20.66,4366938.0,91639757.53
2016-04-14,21.04,21.12,21.15,20.87,2195821.0,46140907.43
2016-04-15,21.08,21.1,21.25,21.0,2492431.0,52603106.29
2016-04-18,21.11,20.9,21.15,20.8,2806505.0,58819457.37
2016-04-19,21.05,21.06,21.11,20.88,2146742.0,45077005.28
2016-04-20,21.1,20.78,21.32,19.96,4850616.0,99846761.17
2016-04-21,20.52,20.29,20.58,20.2,2295651.0,46718723.83
2016-04-22,20.15,20.12,20.22,19.88,1744769.0,35020620.56
2016-04-25,20.17,19.83,20.17,19.7,2125307.0,42147541.46
2016-04-26,19.86,20.06,20.14,19.8,2056817.0,41127155.78
2016-04-27,20.11,19.96,20.25,19.8,2319794.0,46502115.47
2016-04-28,19.96,19.89,20.11,19.71,2042842.0,40621849.31
2016-04-29,19.76,19.56,19.78,19.51,4071233.0,79882503.86
2016-05-03,19.64,19.9,19.94,19.2,3545653.0,69797506.45
2016-05-04,19.96,20.28,20.43,19.91,6068947.0,122724494.84
2016-05-05,20.07,19.96,20.15,19.8,4178950.0,83300242.01
2016-05-06,19.92,19.68,20.15,19.61,5640267.0,112187376.76
2016-05-09,19.4,19.23,19.68,19.18,3056121.0,59212198.52
2016-05-10,19.32,18.94,19.42,18.84,3895496.0,74129470.41
2016-05-11,19.0,19.34,19.61,18.88,4708555.0,90789405.58
2016-05-12,19.14,19.11,19.19,18.92,2959295.0,56231209.42
2016-05-13,19.01,18.82,19.14,18.78,2545508.0,48220408.06
2016-05-16,18.83,18.82,18.9,18.61,3555198.0,66601527.21
2016-05-17,18.84,19.08,19.16,18.62,4398133.0,83012604.43
2016-05-18,18.91,18.82,18.92,18.68,2931083.0,55102255.39
2016-05-19,18.82,18.67,19.01,18.65,1915999.0,36066694.91
2016-05-20,18.6,18.72,18.79,18.56,1546993.0,28889275.51
2016-05-23,18.72,18.85,18.87,18.69,1957964.0,36810592.13
2016-05-24,18.82,18.74,18.89,18.57,2352001.0,44037637.1
2016-05-25,18.82,18.69,18.86,18.65,1897608.0,35609339.02
2016-05-26,18.63,18.7,18.74,18.37,2035467.0,37674635.24
2016-05-27,18.62,18.7,18.75,18.6,1881303.0,35195763.6
2016-05-30,18.43,18.59,18.66,18.43,1169895.0,21739844.5
2016-05-31,18.6,19.26,19.3,18.6,5002472.0,94970281.13
2016-06-01,19.16,19.1,19.76,19.0,2876761.0,55194485.28
2016-06-02,19.08,19.02,19.23,18.93,2451380.0,46612165.29
2016-06-03,19.04,19.12,19.24,19.02,3460207.0,66061168.4
2016-06-06,19.0,19.04,19.19,18.99,2555920.0,48754641.14
2016-06-07,19.05,19.14,19.24,19.05,2371312.0,45431234.59
2016-06-08,19.08,19.36,19.52,19.08,3339744.0,64498178.93
2016-06-13,19.29,18.5,19.29,18.46,2944183.0,55548742.94
2016-06-14,18.5,18.49,18.67,18.44,1792087.0,33149121.84
2016-06-15,18.49,18.87,18.96,18.38,2733946.0,51319077.32
2016-06-16,18.83,19.3,19.68,18.74,5620790.0,108904687.37
2016-06-17,19.68,19.35,19.76,19.29,2690084.0,52290644.31
2016-06-20,19.19,19.4,19.5,19.19,1349414.0,26099506.54
2016-06-21,19.48,19.24,19.54,19.18,2148368.0,41547453.84
2016-06-22,19.18,19.38,19.47,19.18,1963294.0,38038234.59
2016-06-23,19.39,19.18,19.42,19.08,1309768.0,25194957.54
2016-06-24,19.2,18.89,19.33,18.68,1981875.0,37563616.04
2016-06-27,18.88,19.23,19.24,18.77,1597436.0,30446626.21
2016-06-28,19.15,19.34,19.35,19.02,2093298.0,40189987.35
2016-06-29,19.4,19.46,19.52,19.27,2633527.0,51172169.04
2016-06-30,19.46,19.45,19.56,19.31,1781086.0,34653992.06
2016-07-01,19.45,19.42,19.48,19.38,1353921.0,26315390.26
2016-07-04,19.4,19.81,19.99,19.34,3481187.0,68749002.27
2016-07-05,19.73,19.89,19.94,19.68,2070530.0,40994570.04
2016-07-06,19.93,19.81,19.93,19.74,1123618.0,22255215.4
2016-07-07,19.81,19.92,20.18,19.7,2326534.0,46345996.6
2016-07-08,19.95,19.85,20.03,19.73,1833339.0,36436964.44
2016-07-11,19.85,19.99,20.06,19.75,2433859.0,48579123.33
2016-07-12,19.97,20.95,20.95,19.81,6245598.0,127849011.11
2016-07-13,20.68,20.58,20.88,20.5,4034221.0,83419546.19
2016-07-14,20.52,20.72,20.78,20.45,2260531.0,46655680.33
2016-07-15,20.88,20.76,21.16,20.76,7604933.0,159807399.09
2016-07-18,20.84,21.32,21.55,20.68,5682653.0,120256493.0
2016-07-19,21.28,21.02,21.28,20.8,2897428.0,60938923.59
2016-07-20,21.04,21.24,21.29,20.96,2261983.0,47924832.93
2016-07-21,21.24,21.62,21.66,21.24,4642187.0,99684547.5
2016-07-22,20.99,20.4,21.2,20.37,3987668.0,82896129.57
2016-07-25,20.5,20.54,20.9,20.34,2234856.0,46090283.66
2016-07-26,20.48,20.83,20.88,20.48,2473239.0,51219991.55
2016-07-27,20.81,20.08,20.9,19.69,3063995.0,62057560.81
2016-07-28,19.75,20.76,20.89,19.75,6273224.0,128981055.19
2016-07-29,20.68,20.69,21.39,20.58,4713362.0,99241078.88
2016-08-01,20.58,20.01,20.58,19.72,5756729.0,115264951.08
2016-08-02,19.98,20.18,20.24,19.8,3235630.0,65019240.12
2016-08-03,20.04,20.24,20.32,20.04,1017510.0,20550586.15
2016-08-04,20.43,20.47,20.53,20.17,2154760.0,43855575.09
2016-08-05,20.43,20.5,20.66,20.18,2381551.0,48696074.39
2016-08-08,20.4,20.51,20.62,20.19,1334807.0,27267287.23
2016-08-09,20.55,20.56,20.72,20.3,2475757.0,50813527.05
2016-08-10,20.56,20.5,20.62,20.33,1988226.0,40739026.94
2016-08-11,20.42,20.5,20.62,20.33,1762301.0,36107209.23
2016-08-12,20.39,20.64,20.66,20.39,1416729.0,29093043.63
2016-08-15,20.58,21.11,21.7,20.52,4549811.0,97029160.68
2016-08-16,21.02,22.01,22.45,21.02,5809412.0,126589516.1
2016-08-17,22.16,21.71,22.33,21.63,3092283.0,67363326.58
2016-08-18,21.69,22.23,22.29,21.49,4202692.0,91732234.64
2016-08-19,21.99,22.24,22.34,21.91,2445715.0,54195310.33
2016-08-22,22.01,21.7,22.2,21.59,2054350.0,44715280.23
2016-08-23,21.69,21.56,21.74,21.38,1199804.0,25875134.39
2016-08-24,21.56,21.76,21.95,21.43,1019673.0,22111200.12
2016-08-25,21.61,21.57,21.73,21.1,1677134.0,35994671.18
2016-08-26,21.61,21.56,21.74,21.45,1060300.0,22928002.07
2016-08-29,21.62,22.17,22.18,21.61,2086342.0,45978595.45
2016-08-30,22.24,22.2,22.44,21.87,1752671.0,38889964.33
2016-08-31,22.26,23.15,23.32,22.26,4606876.0,105375506.73
2016-09-01,23.15,23.15,23.9,22.95,3981132.0,93449960.8
2016-09-02,23.29,23.61,24.7,23.2,5204648.0,125340676.22
2016-09-05,23.98,24.27,24.65,23.57,6445879.0,155589496.26
2016-09-06,24.17,24.39,24.48,23.26,2278176.0,54868452.09
2016-09-07,24.39,25.65,26.11,24.32,4103576.0,104043597.49
2016-09-08,25.8,24.81,25.89,24.4,5002157.0,124925360.55
2016-09-09,24.48,24.37,24.9,24.21,3666895.0,90128449.27
2016-09-12,23.91,23.27,24.07,23.23,5235533.0,123268657.08
2016-09-13,23.37,24.22,24.42,23.37,4183974.0,100368239.13
2016-09-14,24.32,23.9,24.76,23.83,1802667.0,43772885.31
2016-09-19,24.32,24.42,24.65,23.98,1579108.0,38340538.89
2016-09-20,24.38,24.15,24.87,23.9,1383092.0,33712132.64
2016-09-21,24.15,23.98,24.34,23.86,1265215.0,30351677.45
2016-09-22,23.98,24.07,24.46,23.86,1063336.0,25637640.84
2016-09-23,24.28,24.27,24.28,24.0,665358.0,16118217.34
2016-09-26,24.28,24.17,25.38,23.82,2815441.0,69252633.04
2016-09-27,24.32,24.19,24.41,23.88,2874248.0,69131678.9
2016-09-28,24.39,24.15,24.51,24.07,1149280.0,27842732.13
2016-09-29,24.25,24.17,24.3,24.14,714401.0,17266949.73
2016-09-30,24.29,24.04,24.29,23.87,1219183.0,29283324.6
2016-10-10,24.07,24.45,24.47,23.24,1517978.0,36367639.89
2016-10-11,24.3,24.17,24.4,23.9,1821928.0,43860145.62
2016-10-12,23.98,24.21,24.27,23.91,590815.0,14238858.17
2016-10-13,24.27,25.19,25.22,23.96,1979673.0,48841690.11
2016-10-14,25.19,24.89,25.19,24.69,1029386.0,25606440.9
2016-10-17,24.9,24.08,25.0,24.05,1233210.0,30121467.86
2016-10-18,24.01,24.81,24.96,24.01,1470427.0,36282997.68
2016-10-19,24.89,24.29,24.93,24.08,2131403.0,51989154.55
2016-10-20,24.19,24.42,24.56,24.12,1776784.0,43097962.25
2016-10-21,24.36,24.09,24.36,23.86,1002993.0,24183276.47
2016-10-24,24.14,24.23,24.29,23.87,2179748.0,52302534.47
2016-10-25,24.15,24.39,24.4,23.98,1578408.0,38247556.62
2016-10-26,24.35,24.09,24.36,23.99,1086293.0,26146502.5
2016-10-27,24.19,23.49,24.19,23.4,2477361.0,58849072.03
2016-10-28,23.46,22.66,23.71,22.41,3244353.0,74399524.4
2016-10-31,22.58,23.15,23.49,22.45,2882294.0,66792350.19
2016-11-01,23.16,24.12,24.9,23.07,4084761.0,99036390.53
2016-11-02,24.04,24.23,24.73,23.9,2690244.0,65802629.82
2016-11-03,24.23,25.15,25.72,24.23,3712468.0,93662338.35
2016-11-04,24.98,26.34,26.82,24.98,4941808.0,130163821.38
2016-11-07,26.57,25.25,26.71,25.03,3551956.0,90859640.24
2016-11-08,25.76,25.57,25.87,25.12,3415682.0,87309191.01
2016-11-09,25.69,25.18,25.71,25.15,2454592.0,62231804.51
2016-11-10,25.35,26.47,26.64,25.25,3326403.0,85888356.73
2016-11-11,26.54,25.72,26.54,25.64,2584628.0,66768530.56
2016-11-14,25.72,25.28,25.76,25.15,1916791.0,48694039.97
2016-11-15,25.44,25.27,25.55,25.15,1191305.0,30115869.25
2016-11-16,25.26,25.29,25.67,25.15,944626.0,24004456.35
2016-11-17,25.31,26.22,26.29,25.15,2945619.0,76655603.89
2016-11-18,26.23,26.71,27.15,26.06,3595169.0,96353633.71
2016-11-21,26.84,26.53,27.29,26.07,1936579.0,51755398.37
2016-11-22,26.47,26.22,26.67,26.1,947085.0,24833766.95
2016-11-23,26.26,26.77,26.96,26.14,1417016.0,37657981.82
2016-11-24,26.76,26.36,26.85,26.31,846006.0,22443056.18
2016-11-25,26.35,26.37,26.64,25.89,1106336.0,29066498.25
2016-11-28,26.42,26.03,27.2,25.83,1762934.0,46277279.17
2016-11-29,26.13,25.63,26.7,25.55,3805562.0,99037058.5
2016-11-30,25.46,25.6,25.95,25.15,2075756.0,52884356.6
2016-12-01,25.6,25.34,25.81,25.23,2478142.0,63000401.4
2016-12-02,25.46,24.71,25.56,24.56,2236023.0,56235403.38
2016-12-05,24.9,25.47,26.14,24.77,4215054.0,107945276.49
2016-12-06,25.56,25.06,25.98,24.91,2151119.0,54239620.31
2016-12-07,24.86,24.9,25.88,24.48,3894408.0,96750853.1
2016-12-08,24.95,24.79,24.98,24.56,1808485.0,44799592.08
2016-12-09,24.88,24.32,24.88,24.2,2403796.0,58728385.44
2016-12-12,24.25,23.24,24.32,22.84,5542718.0,129584264.31
2016-12-13,23.24,22.88,23.25,22.61,3124043.0,71394655.52
2016-12-14,22.98,23.0,23.29,22.75,2796844.0,64534372.69
2016-12-15,23.07,22.17,23.07,22.09,3789169.0,84953197.49
2016-12-16,22.24,22.31,22.59,22.16,2266189.0,50654948.32
2016-12-19,22.47,22.26,22.47,22.12,1169922.0,26050722.84
2016-12-20,22.27,22.13,22.38,22.02,1260459.0,27898332.4
2016-12-21,22.2,22.32,22.43,22.13,1839950.0,41035577.81
2016-12-22,22.28,22.7,22.89,22.28,2929074.0,66154534.33
2016-12-23,22.74,22.49,22.83,22.36,2258865.0,50896495.17
2016-12-26,22.42,22.16,22.52,21.83,2067913.0,45498089.58
2016-12-27,22.08,22.26,22.89,22.08,2337924.0,52615414.45
2016-12-28,22.24,22.26,22.56,22.16,1268314.0,28350373.11
2016-12-29,22.1,22.29,22.66,21.99,1496303.0,33399093.74
2016-12-30,22.39,22.41,22.66,22.21,1983367.0,44610161.41
2017-01-03,22.49,22.88,22.97,22.45,2348855.0,53564840.57
2017-01-04,22.75,23.15,23.18,22.51,2194235.0,50162948.74
2017-01-05,23.09,22.93,23.21,22.81,2187349.0,50360843.86
2017-01-06,22.99,22.55,23.02,22.5,1533950.0,34792522.75
2017-01-09,22.59,23.98,23.98,22.42,5075019.0,117651586.37
2017-01-10,23.67,23.77,24.03,23.51,4021364.0,95612692.82
2017-01-11,23.65,23.89,24.22,23.41,2968012.0,70723758.34
2017-01-12,23.83,23.78,24.15,23.61,2183998.0,52327582.5
2017-01-13,23.65,23.93,24.12,23.25,2090371.0,49702326.76
2017-01-16,24.14,24.3,24.98,23.71,4591155.0,112266173.93
2017-01-17,24.3,24.38,24.66,24.07,1885805.0,45799944.19
2017-01-18,24.47,25.24,25.72,24.42,2835984.0,70521402.52
2017-01-19,25.0,24.65,25.1,24.56,1890714.0,46799318.23
2017-01-20,24.82,24.37,24.88,24.32,2600884.0,63996979.61
2017-01-23,24.4,24.3,24.88,24.1,2289342.0,55826834.84
2017-01-24,24.23,24.71,24.73,24.07,2377617.0,58144944.39
2017-01-25,24.45,24.36,24.64,24.23,1829001.0,44596547.9
2017-01-26,24.05,22.95,24.05,22.41,5159693.0,118995511.94
2017-02-03,22.95,22.7,22.95,22.42,1792987.0,40636061.24
2017-02-06,22.78,23.48,23.54,22.74,5302943.0,123549136.94
2017-02-07,23.4,24.4,24.61,23.32,4047549.0,97805591.0
2017-02-08,24.42,24.59,24.85,24.22,3149014.0,77389332.45
2017-02-09,24.66,24.67,24.82,24.37,2581637.0,63554671.9
2017-02-10,24.59,24.17,24.81,23.99,3408691.0,82649771.65
2017-02-13,24.3,24.05,24.48,23.98,2792737.0,67464436.04
2017-02-14,24.03,24.03,24.23,23.87,1897922.0,45565640.52
2017-02-15,24.08,23.33,24.08,23.24,3267385.0,77024424.62
2017-02-16,23.36,23.34,23.49,23.07,2389652.0,55780797.78
2017-02-17,23.35,23.1,23.55,23.03,2930687.0,67994444.01
2017-02-20,23.14,23.79,23.79,23.05,4671831.0,109503524.62
2017-02-21,23.79,23.66,23.85,23.45,3290984.0,77836043.78
2017-02-22,23.54,23.94,23.96,23.44,3772067.0,89699236.59
2017-02-23,23.97,23.92,24.4,23.69,4409788.0,106307388.49
2017-02-24,23.78,23.73,23.91,23.49,2498629.0,59203510.88
2017-02-27,23.72,23.37,23.84,23.34,2386648.0,56209665.14
2017-02-28,23.41,23.57,23.58,23.39,1375016.0,32301498.81
2017-03-01,23.59,23.76,23.82,23.44,2627624.0,62228393.27
2017-03-02,23.71,23.6,24.11,23.55,3515106.0,83883426.18
2017-03-03,23.57,23.74,24.36,23.57,5053995.0,121432575.12
2017-03-06,23.62,23.49,23.78,23.25,4394645.0,102955363.45
2017-03-07,23.51,23.57,23.59,23.22,3753762.0,87801462.67
2017-03-08,23.56,23.3,23.58,23.15,2677683.0,62349235.13
2017-03-09,23.35,23.24,23.42,23.09,2435156.0,56701001.09
2017-03-10,23.25,23.1,23.4,23.05,2189983.0,50718377.33
2017-03-13,23.1,23.39,23.42,22.88,3512327.0,81449496.27
2017-03-14,23.35,23.49,23.5,23.24,2082232.0,48804087.44
2017-03-15,23.48,23.33,23.53,23.26,2063545.0,48201091.13
2017-03-16,23.4,23.49,23.54,23.34,2061998.0,48344461.89
2017-03-17,23.55,23.36,23.56,23.25,3949144.0,92517737.5
2017-03-20,23.55,23.73,23.83,23.39,3815859.0,90214279.01
2017-03-21,23.74,23.73,24.06,23.65,5063263.0,120611336.97
2017-03-22,23.65,23.66,24.02,23.57,4960908.0,117942616.55
2017-03-23,23.68,23.98,23.98,23.62,6384297.0,151987243.19
2017-03-24,23.93,24.37,24.45,23.9,6145904.0,148772652.57
2017-03-27,24.12,23.76,24.23,23.24,5768646.0,137994174.71
2017-03-28,23.56,23.55,23.73,23.45,2187587.0,51492555.47
2017-03-29,23.64,23.32,23.64,23.3,2177227.0,50948696.2
2017-03-30,23.31,22.47,23.31,22.42,5538623.0,125495375.68
2017-03-31,22.47,22.68,22.8,22.47,2110167.0,47662017.82
2017-04-05,22.7,23.47,23.62,22.7,4409147.0,102085678.39
2017-04-06,23.45,23.04,23.45,23.01,2913345.0,67454635.11
2017-04-07,23.0,22.94,23.12,22.91,2333062.0,53617140.98
2017-04-10,22.94,22.6,23.03,22.51,2643035.0,60062466.95
2017-04-11,22.58,21.99,22.65,21.79,7259143.0,160516653.73
2017-04-12,21.92,22.14,22.25,21.85,2659617.0,58871900.34
2017-04-13,22.23,22.18,22.3,21.99,1600538.0,35527369.9
2017-04-14,22.23,21.94,22.23,21.86,1325834.0,29094605.8
2017-04-17,22.14,21.92,22.14,21.74,1918380.0,42088621.14
2017-04-18,21.85,21.79,22.06,21.78,2127243.0,46642125.29
2017-04-19,21.76,21.05,21.77,20.84,3721073.0,78747722.22
2017-04-20,20.98,21.19,21.29,20.98,1424999.0,30205847.31
2017-04-21,21.25,21.33,21.38,21.19,1230987.0,26244099.1
2017-04-24,21.31,20.73,21.31,20.61,1839898.0,38347613.38
2017-04-25,20.8,20.83,20.9,20.43,1705323.0,35430522.98
2017-04-26,20.89,21.17,21.25,20.83,1463752.0,30900983.69
2017-04-27,19.07,19.25,20.71,19.07,11667759.0,225269026.15
2017-04-28,19.07,18.89,19.09,18.71,4196964.0,79099853.18
2017-05-02,18.84,18.32,18.84,18.17,5377173.0,98810300.64
2017-05-03,18.22,18.25,18.31,18.15,2982064.0,54360686.19
2017-05-04,18.22,18.17,18.34,18.01,2511267.0,45734099.56
2017-05-05,18.17,17.98,18.26,17.86,3084964.0,55623705.45
2017-05-08,17.98,17.05,17.98,17.04,4007009.0,69821538.3
2017-05-09,17.02,16.74,17.04,16.4,6173366.0,102887028.37
2017-05-10,16.74,16.38,16.82,16.35,3414562.0,56701949.06
2017-05-11,16.33,16.27,16.33,15.83,4454202.0,71570104.05
2017-05-12,16.18,16.26,16.36,16.13,3297706.0,53595894.01
2017-05-15,16.35,16.27,16.43,16.18,2195661.0,35780063.13
2017-05-16,16.3,16.6,16.67,16.18,5622128.0,92683882.61
2017-05-17,16.68,16.57,16.71,16.53,6047445.0,100349660.28
2017-05-18,16.51,16.36,16.54,16.27,3436280.0,56325818.46
2017-05-19,16.3,16.25,16.43,16.2,3952409.0,64447936.02
2017-05-22,16.27,15.87,16.32,15.79,3420256.0,54995704.21
2017-05-23,15.8,15.94,16.16,15.77,4097520.0,65540594.37
2017-05-24,15.87,16.07,16.08,15.69,2772050.0,44253155.95
2017-05-25,16.09,16.18,16.24,15.86,3977828.0,63994939.08
2017-05-26,16.23,16.17,16.28,16.13,3483242.0,56392185.47
2017-05-31,16.27,16.39,16.42,16.21,4089830.0,66720610.78
2017-06-01,16.41,16.06,16.42,16.02,4222541.0,68706594.86
2017-06-02,16.06,16.37,16.47,15.98,3380214.0,55055258.59
2017-06-05,16.47,16.57,16.76,16.4,6089805.0,100944847.17
2017-06-06,16.61,16.49,16.61,16.41,2783461.0,45903997.78
2017-06-07,16.51,16.75,16.8,16.45,5514832.0,91904446.03
2017-06-08,16.76,16.99,17.08,16.72,6088525.0,103196831.83
2017-06-09,17.04,17.76,18.44,17.04,9013491.0,158647866.61
2017-06-12,17.76,17.88,18.31,17.59,7448056.0,134104687.41
2017-06-13,17.88,17.98,18.16,17.72,3959121.0,71202703.09
2017-06-14,18.03,17.71,18.23,17.67,5406921.0,96867146.58
2017-06-15,17.8,17.43,17.8,17.19,8461317.0,146880997.66
2017-06-16,17.34,17.28,17.43,17.18,4011883.0,69256478.91
2017-06-19,17.29,17.3,17.37,17.2,2481874.0,42877181.38
2017-06-20,17.38,17.23,17.38,17.2,3087798.0,53217950.32
2017-06-21,17.34,17.12,17.37,17.05,3398845.0,58364507.18
2017-06-22,17.1,17.26,17.49,17.06,6366444.0,110288124.97
2017-06-23,17.29,17.03,17.29,16.79,4815459.0,81834402.62
2017-06-26,17.02,17.34,17.39,16.92,5344012.0,92109226.73
2017-06-27,17.34,17.41,17.46,17.25,3240634.0,56162785.74
2017-06-28,17.54,17.16,17.54,17.16,3845644.0,66552085.37
2017-06-29,17.25,17.14,17.32,17.08,3598130.0,61704513.64
2017-06-30,17.07,17.18,17.22,17.05,2194925.0,37623560.55
2017-07-03,17.26,17.35,17.49,17.25,3179795.0,55194892.1
2017-07-04,17.44,17.56,17.73,17.44,6075348.0,106944224.2
2017-07-05,17.55,17.59,17.63,17.41,3469358.0,60885759.76
2017-07-06,17.65,17.84,17.97,17.56,4818227.0,85719387.73
2017-07-07,17.91,17.91,17.99,17.76,3849270.0,68911434.26
2017-07-10,17.87,18.16,18.22,17.8,4743448.0,85727514.5
2017-07-11,18.16,17.93,18.39,17.93,5694243.0,103514571.83
2017-07-12,17.84,17.78,17.92,17.68,4018732.0,71377699.63
2017-07-13,17.71,17.89,18.03,17.66,1995217.0,35620574.21
2017-07-14,17.89,18.05,18.22,17.88,2570301.0,46449151.48
2017-07-17,18.05,17.53,18.14,17.46,4305739.0,76199495.21
2017-07-18,17.51,17.56,17.78,17.44,2977074.0,52367546.55
2017-07-19,17.57,17.79,17.83,17.34,5071172.0,89414153.25
2017-07-20,17.79,18.05,18.08,17.72,6268611.0,112133342.72
2017-07-21,17.97,18.66,18.66,17.97,7701977.0,141557367.92
2017-07-24,18.67,18.64,18.97,18.44,8314230.0,155216147.2
2017-07-25,18.52,18.26,18.52,18.18,4816613.0,88224808.65
2017-07-26,18.1,18.31,18.44,18.08,4320129.0,78936129.36
2017-07-27,18.32,18.08,18.35,17.85,3954452.0,71351075.5
2017-07-28,18.12,18.12,18.32,17.97,2380757.0,43270105.2
2017-07-31,18.11,18.45,18.46,18.01,4244124.0,77733859.78
2017-08-01,18.45,18.33,18.55,18.25,3347776.0,61402232.97
2017-08-02,18.31,18.08,18.36,18.08,3415105.0,62139422.6
2017-08-03,17.97,17.86,18.11,17.81,3071851.0,55063376.07
2017-08-04,17.79,17.85,18.02,17.79,1749185.0,31361268.01
2017-08-07,17.83,17.9,17.93,17.76,1352591.0,24131723.91
2017-08-08,17.9,17.58,17.96,17.49,3341627.0,59061344.14
2017-08-09,17.45,17.52,17.56,17.45,2307422.0,40369289.46
2017-08-10,17.52,17.36,17.6,17.28,2104319.0,36629157.7
2017-08-11,17.27,17.03,17.31,16.96,2371576.0,40598254.5
2017-08-14,17.06,17.22,17.27,17.03,1772730.0,30440618.66
2017-08-15,17.22,17.24,17.35,17.16,1087306.0,18771868.01
2017-08-16,17.2,17.33,17.39,17.19,1797077.0,31096464.85
2017-08-17,17.23,17.39,17.42,17.23,1575250.0,27267706.29
2017-08-18,17.38,17.31,17.39,17.27,1533176.0,26536267.03
2017-08-21,17.34,17.34,17.47,17.27,1943212.0,33709239.75
2017-08-22,17.37,17.38,17.43,17.32,1618613.0,28150245.98
2017-08-23,17.38,17.29,17.39,17.29,1777020.0,30803588.87
2017-08-24,17.29,17.1,17.29,17.03,2003486.0,34376693.67
2017-08-25,17.07,17.28,17.31,17.06,1446751.0,24945443.69
2017-08-28,17.37,17.39,17.45,17.28,4788986.0,83182005.67
2017-08-29,17.4,17.06,17.47,16.97,4634987.0,79614406.81
2017-08-30,17.06,17.15,17.24,17.06,2114971.0,36289716.0
2017-08-31,17.15,16.98,17.15,16.95,2714474.0,46185131.3
2017-09-01,17.04,16.99,17.04,16.86,3026249.0,51273889.64
2017-09-04,16.98,17.12,17.17,16.9,3591715.0,61083437.13
2017-09-05,17.1,17.05,17.12,16.98,2838097.0,48353181.16
2017-09-06,16.99,16.93,17.04,16.92,2476336.0,41986797.83
2017-09-07,16.93,16.93,17.08,16.9,2816948.0,47826393.78
2017-09-08,16.94,17.06,17.08,16.89,2555585.0,43435380.75
2017-09-11,17.06,17.33,17.33,16.93,4698450.0,81069754.67
2017-09-12,17.33,17.68,18.05,17.24,10890830.0,192796457.5
2017-09-13,17.6,17.42,17.62,17.23,4278812.0,74448558.78
2017-09-14,17.33,17.38,17.53,17.3,2467482.0,42902760.41
2017-09-15,17.4,17.33,17.4,17.24,1810795.0,31315031.56
2017-09-18,17.35,17.85,18.05,17.24,8711825.0,155050272.69
2017-09-19,17.86,17.86,18.05,17.66,5986215.0,106438856.55
2017-09-20,17.86,18.26,18.44,17.74,9706812.0,176018605.17
2017-09-21,18.17,17.95,18.37,17.94,6287447.0,114016571.88
2017-09-22,17.87,17.92,18.08,17.76,4235381.0,75871552.12
2017-09-25,17.95,17.22,17.96,17.16,5449213.0,95346007.67
2017-09-26,17.22,17.14,17.42,16.93,4045933.0,69497001.41
2017-09-27,17.13,17.21,17.38,17.09,2449356.0,42298728.69
2017-09-28,17.27,17.38,17.45,17.2,3253583.0,56520776.65
2017-09-29,17.37,17.65,17.7,17.21,5447203.0,94951577.85
2017-10-09,17.83,18.74,19.01,17.83,17221811.0,319479167.78
2017-10-10,18.67,18.84,19.01,18.48,12438142.0,233619005.61
2017-10-11,18.73,18.46,18.73,18.32,9127653.0,168431769.22
2017-10-12,18.32,18.43,18.45,18.14,6176923.0,113105729.3
2017-10-13,18.37,18.21,18.37,18.19,3758921.0,68664240.18
2017-10-16,18.25,17.88,18.33,17.87,5076198.0,91673112.76
2017-10-17,17.85,17.77,17.97,17.74,3716779.0,66196271.88
2017-10-18,17.83,17.74,17.98,17.7,3998741.0,71387932.53
2017-10-19,17.68,17.74,17.91,17.66,3001906.0,53396422.79
2017-10-20,17.73,17.98,18.05,17.71,3442593.0,61684761.74
2017-10-23,17.98,17.62,17.98,17.6,4662264.0,82567843.57
2017-10-24,17.61,17.41,17.61,17.33,3494388.0,60811555.4
2017-10-25,17.4,17.48,17.55,17.4,2445508.0,42730076.51
2017-10-26,17.07,16.95,17.15,16.76,8975407.0,151901294.98
2017-10-27,16.94,16.72,17.0,16.72,3217955.0,54256733.01
2017-10-30,16.64,16.05,16.76,16.04,5156367.0,83674570.53
2017-10-31,16.05,16.12,16.2,16.04,2468558.0,39734465.91
2017-11-01,16.11,16.11,16.19,16.09,2083978.0,33631684.41
2017-11-02,16.11,15.95,16.17,15.88,2925035.0,46694950.74
2017-11-03,15.93,15.57,15.93,15.45,3045250.0,47719423.35
2017-11-06,15.58,15.67,15.72,15.53,2045082.0,31942604.98
2017-11-07,15.67,15.58,15.71,15.53,2557739.0,39942477.61
2017-11-08,15.53,15.72,15.76,15.53,2198711.0,34480404.1
2017-11-09,15.72,15.62,15.81,15.53,3667780.0,57266111.39
2017-11-10,15.61,15.3,15.61,15.2,5569996.0,85528071.0
2017-11-13,15.22,15.24,15.35,15.21,2691353.0,41088677.53
2017-11-14,15.24,15.24,15.41,15.18,2753003.0,42091971.15
2017-11-15,15.36,15.62,15.76,15.31,5586452.0,87003707.04
2017-11-16,15.53,15.43,15.59,15.4,2781053.0,43014369.63
2017-11-17,15.4,14.95,15.55,14.85,3410286.0,52128843.03
2017-11-20,14.91,14.66,14.91,14.45,3321002.0,48495259.2
2017-11-21,14.75,14.75,14.94,14.62,2713545.0,40121793.84
2017-11-22,14.77,14.75,14.83,14.68,1835543.0,27072228.96
2017-11-23,14.67,14.53,14.8,14.51,1741258.0,25551314.0
2017-11-24,14.53,14.63,14.67,14.48,1286971.0,18768040.22
2017-11-27,14.58,14.59,14.89,14.58,1906428.0,28015118.0
2017-11-28,14.55,14.67,14.69,14.49,1702188.0,24857667.84
2017-11-29,14.68,14.67,14.75,14.53,1763966.0,25853871.73
2017-11-30,14.67,14.72,14.78,14.6,1867822.0,27423863.39
2017-12-01,14.73,14.78,14.83,14.66,1429207.0,21097334.25
2017-12-04,14.79,14.44,14.82,14.42,2588697.0,37794726.52
2017-12-05,14.42,13.78,14.48,13.65,5173182.0,72293112.31
2017-12-06,13.76,13.85,13.87,13.66,1498727.0,20616283.28
2017-12-07,13.85,13.73,13.85,13.71,1361801.0,18754967.82
2017-12-08,13.73,13.81,13.91,13.73,2344495.0,32464724.54
2017-12-11,13.89,14.21,14.22,13.83,3094609.0,43606474.05
2017-12-12,14.13,13.95,14.16,13.95,1568741.0,22027174.62
2017-12-13,13.95,14.02,14.07,13.95,813595.0,11400951.6
2017-12-14,14.07,13.97,14.07,13.9,1101446.0,15361811.35
2017-12-15,13.92,13.94,13.99,13.8,1389572.0,19268381.73
2017-12-18,13.9,13.79,13.96,13.76,1240356.0,17209642.62
2017-12-19,13.88,13.93,13.93,13.77,1202703.0,16679700.59
2017-12-20,13.9,13.79,13.96,13.74,1291137.0,17828685.71
2017-12-21,13.79,13.84,13.87,13.72,1223807.0,16911172.02
2017-12-22,13.85,13.85,13.94,13.84,1597753.0,22205253.23
2017-12-25,13.85,13.67,13.93,13.65,1769235.0,24334934.72
2017-12-26,13.68,13.44,13.73,13.25,3374078.0,45108240.85
2017-12-27,13.39,13.64,13.96,13.37,2739262.0,37314867.8
2017-12-28,13.5,13.57,13.82,13.5,1974185.0,26939206.58
2017-12-29,13.59,13.75,13.79,13.5,1826533.0,24996721.53
2018-01-02,13.93,13.98,14.09,13.89,2190644.0,30611253.93
2018-01-03,13.91,14.05,14.19,13.91,2403130.0,33817147.21
2018-01-04,14.07,14.03,14.11,13.97,1883016.0,26413150.32
2018-01-05,14.05,14.19,14.37,14.01,2918606.0,41306498.09
2018-01-08,14.22,14.39,14.45,14.19,3366335.0,48299275.19
2018-01-09,14.36,14.22,14.36,14.19,2898844.0,41323496.24
2018-01-10,14.22,14.07,14.3,13.96,2212112.0,31179957.96
2018-01-11,14.07,13.99,14.07,13.85,2064800.0,28883508.7
2018-01-12,13.99,14.17,14.31,13.99,2592130.0,36572040.01
2018-01-15,14.2,13.92,14.21,13.87,2197497.0,30838224.0
2018-01-16,15.31,15.31,15.31,15.31,1520841.0,23287809.45
2018-01-17,16.85,16.85,16.85,16.63,29275382.0,493108968.81
2018-01-18,17.06,16.65,17.16,16.46,23294723.0,390744510.86
2018-01-19,16.42,16.28,16.42,16.08,13157313.0,213733320.4
2018-01-22,16.57,17.05,17.87,16.51,20578536.0,353842696.16
2018-01-23,16.81,16.93,17.32,16.7,9906084.0,167842001.88
2018-01-24,16.89,16.57,16.89,16.45,9442987.0,156615342.07
2018-01-25,16.28,16.37,16.5,16.28,5919498.0,97018779.75
2018-01-26,16.39,16.51,16.69,16.27,5949425.0,98171112.37
2018-01-29,16.45,16.17,16.52,16.11,5667999.0,92222193.12
2018-01-30,16.29,16.26,16.33,16.17,2926347.0,47525554.38
2018-01-31,16.22,15.92,16.46,15.85,5842450.0,94389954.6
2018-02-01,15.78,15.53,15.91,15.37,6288821.0,98292812.85
2018-02-02,15.57,15.7,15.81,15.36,4795835.0,74883442.43
2018-02-05,15.53,16.26,16.28,15.49,6117148.0,97903059.56
2018-02-06,15.96,15.71,16.18,15.69,5971209.0,94967079.25
2018-02-07,15.94,16.39,16.45,15.88,9682925.0,157116822.94
2018-02-08,16.26,16.33,16.4,16.09,6290591.0,102314524.82
2018-02-09,15.99,15.66,16.27,15.48,7054465.0,112144241.42
2018-02-12,15.7,15.99,16.0,15.68,4077349.0,64660454.04
2018-02-13,16.01,15.96,16.2,15.93,3962987.0,63532075.1
2018-02-14,15.9,15.98,16.08,15.68,3185174.0,50585376.36
2018-02-22,15.99,16.38,16.42,15.99,5799668.0,94406109.26
2018-02-23,16.35,16.31,16.38,16.16,3709746.0,60324615.61
2018-02-26,16.26,16.47,16.52,16.23,6167702.0,101085451.91
2018-02-27,16.45,16.25,16.45,16.09,4595598.0,74644593.98
2018-02-28,16.09,16.13,16.23,15.95,3296060.0,52997406.36
2018-03-01,16.07,16.26,16.34,15.99,3208169.0,51924427.31
2018-03-02,16.1,16.37,16.45,16.05,4378068.0,71338777.6
2018-03-05,16.36,16.84,16.84,16.34,8080875.0,134379542.48
2018-03-06,16.68,16.8,16.81,16.57,5757210.0,95949357.43
2018-03-07,16.72,16.46,16.76,16.43,4381291.0,72767232.1
2018-03-08,16.45,16.44,16.55,16.28,2940267.0,48203735.69
2018-03-09,16.34,16.53,16.57,16.32,2645029.0,43531894.26
2018-03-12,16.52,16.42,16.69,16.34,5730082.0,94471157.41
2018-03-13,16.39,16.08,16.42,15.98,5559307.0,90185529.4
2018-03-14,15.99,16.12,16.18,15.95,2669515.0,42934762.6
2018-03-15,16.1,16.08,16.12,15.96,2691374.0,43177857.02
2018-03-16,16.08,16.34,16.35,16.05,3166995.0,51373634.48
2018-03-19,16.25,16.62,16.71,16.18,7365899.0,121987547.38
2018-03-20,16.9,16.57,16.9,16.38,10906675.0,181341516.39
2018-03-21,16.49,16.46,16.62,16.29,5952975.0,97892905.93
2018-03-22,16.51,16.75,16.85,16.39,8318402.0,138494047.41
2018-03-23,16.4,16.81,16.89,16.29,11638845.0,193434167.89
2018-03-26,16.59,16.76,16.94,16.45,11796809.0,197475934.3
2018-03-27,16.17,15.52,16.17,15.11,13677120.0,213392910.34
2018-03-28,15.28,14.56,15.28,14.37,9772847.0,144568199.03
2018-03-29,14.58,14.57,14.66,14.39,5846889.0,84730065.1
2018-03-30,14.51,14.43,14.64,14.41,4519666.0,65516379.06
2018-04-02,14.51,14.24,14.58,14.23,5679742.0,81392126.77
2018-04-03,14.07,13.97,14.2,13.77,4737395.0,66270944.24
2018-04-04,13.97,13.8,14.05,13.79,3167055.0,44111104.65
2018-04-09,13.82,13.91,14.01,13.82,2374239.0,33026737.93
2018-04-10,13.91,14.01,14.07,13.83,3369478.0,47079434.67
2018-04-11,14.0,13.92,14.01,13.89,2531992.0,35297764.0
2018-04-12,13.9,13.63,13.92,13.58,4422190.0,60683673.02
2018-04-13,13.67,13.58,13.74,13.56,2506249.0,34157103.27
2018-04-16,13.63,13.11,13.63,13.07,4095880.0,54261176.5
2018-04-17,13.12,12.85,13.27,12.76,2870609.0,37329855.0
2018-04-18,12.96,13.07,13.11,12.73,3426123.0,44381308.32
2018-04-19,13.06,13.35,13.38,12.98,3749376.0,49649345.15
2018-04-20,13.32,13.22,13.4,13.21,2259075.0,30048046.35
2018-04-23,13.19,13.27,13.3,13.14,1730846.0,22920381.4
2018-04-24,13.38,13.53,13.59,13.28,2617889.0,35278579.45
2018-04-25,13.47,13.85,13.92,13.44,4066745.0,55981167.39
2018-04-26,13.77,13.46,13.77,13.46,2075135.0,28322825.0
2018-04-27,13.47,13.36,13.66,13.31,1461427.0,19556501.5
2018-05-02,13.37,12.98,13.43,12.93,2786545.0,36354333.51
2018-05-03,12.98,13.08,13.12,12.86,1105181.0,14365627.83
2018-05-04,13.1,13.04,13.15,13.02,873393.0,11412055.77
2018-05-07,13.04,13.25,13.33,13.04,1252005.0,16505351.2
2018-05-08,13.27,13.26,13.34,13.2,1395209.0,18480887.11
2018-05-09,13.26,13.14,13.26,13.12,1088950.0,14364075.99
2018-05-10,13.13,13.13,13.18,13.08,918211.0,12058921.51
2018-05-11,13.17,13.19,13.25,13.11,1258626.0,16598159.65
2018-05-14,13.2,13.14,13.2,13.1,1063113.0,13974425.52
2018-05-15,13.14,13.17,13.25,13.13,1196700.0,15777232.34
2018-05-16,13.11,13.03,13.17,13.03,1039635.0,13625705.99
2018-05-17,13.06,13.07,13.1,13.03,764736.0,9981243.0
2018-05-18,13.06,13.11,13.15,13.01,928394.0,12150713.98
2018-05-21,13.13,13.26,13.39,13.13,2512774.0,33303268.82
2018-05-22,13.24,13.19,13.24,13.14,1216244.0,16022967.93
2018-05-23,13.2,13.14,13.31,13.14,1717838.0,22717876.0
2018-05-24,13.06,13.04,13.15,13.02,940841.0,12286658.0
2018-05-25,13.04,12.78,13.08,12.78,1923677.0,24788060.99
2018-05-28,12.76,12.61,12.9,12.58,1468593.0,18614277.01
2018-05-29,12.64,12.6,12.7,12.59,898309.0,11344993.0
2018-05-30,12.57,12.26,12.57,12.15,1971737.0,24272304.93
2018-05-31,12.3,12.65,12.72,12.22,2040045.0,25538643.95
2018-06-01,12.58,12.58,12.7,12.53,804896.0,10146043.0
2018-06-04,12.62,12.62,12.69,12.58,607901.0,7681238.6
2018-06-05,12.65,12.68,12.69,12.6,893347.0,11295152.09
2018-06-06,12.76,13.17,13.2,12.7,4205789.0,54913007.34
2018-06-07,13.11,13.06,13.23,13.01,1430119.0,18710406.0
2018-06-08,13.09,12.97,13.14,12.89,1054833.0,13713913.0
2018-06-11,12.89,12.91,13.09,12.85,1209003.0,15645733.39
2018-06-12,12.91,13.17,13.19,12.88,2298865.0,30084872.2
2018-06-13,13.19,12.95,13.19,12.92,1213873.0,15786526.36
2018-06-14,12.86,13.01,13.07,12.86,1251551.0,16274035.8
2018-06-15,13.01,12.62,13.05,12.4,2137700.0,27072848.11
2018-06-19,12.26,11.71,12.63,11.56,2102491.0,25543653.0
2018-06-20,11.71,11.82,11.89,11.67,1411209.0,16672199.99
2018-06-21,11.82,11.47,11.94,11.44,1558153.0,18265870.49
2018-06-22,11.41,11.55,11.67,11.33,894299.0,10340772.34
2018-06-25,11.65,11.44,11.67,11.41,727537.0,8402896.09
2018-06-26,11.37,11.48,11.56,11.23,1437331.0,16403371.4
2018-06-27,11.49,11.54,11.66,11.45,1098942.0,12682312.6
2018-06-28,11.54,11.51,11.64,11.41,964061.0,11152164.0
2018-06-29,11.46,11.71,11.74,11.46,1155840.0,13457821.0
2018-07-02,11.71,11.49,11.85,11.43,1019579.0,11865273.96
2018-07-03,11.53,11.6,11.61,11.32,951510.0,10962365.4
2018-07-04,11.58,11.49,11.61,11.46,830498.0,9573529.74
2018-07-05,11.59,11.29,11.59,11.29,764286.0,8743893.55
2018-07-06,11.29,11.15,11.49,10.83,1213115.0,13506788.0
2018-07-09,11.16,11.3,11.34,10.94,573019.0,6453456.2
2018-07-10,11.37,11.34,11.39,11.26,725461.0,8216413.51
2018-07-11,11.25,11.12,11.36,11.03,756052.0,8413772.41
2018-07-12,11.12,11.41,11.45,11.04,1261702.0,14315207.41
2018-07-13,11.41,11.41,11.5,11.35,802189.0,9156798.3
2018-07-16,11.32,11.49,11.58,11.23,1215135.0,13847370.26
2018-07-17,11.48,11.54,11.54,11.35,491904.0,5618851.0
2018-07-18,11.59,11.69,11.79,11.56,1297665.0,15173680.02
2018-07-19,11.7,11.53,11.72,11.49,677583.0,7841942.0
2018-07-20,11.57,11.67,11.69,11.46,721502.0,8363835.44
2018-07-23,11.76,11.9,11.9,11.68,1726364.0,20412972.08
2018-07-24,11.9,11.94,12.12,11.73,2033510.0,24145663.43
2018-07-25,11.94,12.05,12.14,11.85,1189110.0,14216899.87
2018-07-26,11.96,11.86,11.99,11.82,1263354.0,15016991.63
2018-07-27,11.86,11.87,11.97,11.82,793474.0,9431423.7
2018-07-30,11.97,11.77,11.97,11.63,699123.0,8252895.34
2018-07-31,11.76,11.77,11.85,11.68,470446.0,5542378.02
2018-08-01,11.8,11.67,11.85,11.64,687550.0,8090886.26
2018-08-02,11.64,11.47,11.68,11.17,1543382.0,17700601.27
2018-08-03,11.4,11.3,11.51,11.3,850970.0,9675091.18
2018-08-06,11.39,11.03,11.39,10.93,1090929.0,12119444.02
2018-08-07,11.06,11.2,11.22,10.95,502197.0,5582897.44
2018-08-08,11.22,11.05,11.22,11.02,583726.0,6492158.46
2018-08-09,11.05,11.19,11.3,11.0,872186.0,9736739.4
2018-08-10,11.16,11.19,11.25,11.12,510222.0,5713175.26
2018-08-13,11.12,11.21,11.26,11.03,437606.0,4863061.11
2018-08-14,11.19,11.18,11.27,11.13,304300.0,3405724.2
2018-08-15,11.22,11.03,11.24,11.03,351524.0,3903745.74
2018-08-16,11.12,10.92,11.12,10.87,718032.0,7863384.38
2018-08-17,10.98,10.64,11.1,10.64,849865.0,9220530.33
2018-08-20,10.64,10.65,10.76,10.53,621891.0,6627789.33
2018-08-21,10.64,10.81,10.87,10.6,757829.0,8157590.16
2018-08-22,10.73,11.09,11.6,10.73,1532276.0,16979853.82
2018-08-23,11.1,11.12,11.13,10.99,1016323.0,11243194.0
2018-08-24,11.07,11.2,11.24,11.02,950259.0,10631423.84
2018-08-27,11.2,11.29,11.37,11.18,895461.0,10132508.98
2018-08-28,11.36,11.41,11.48,11.29,937010.0,10683741.09
2018-08-29,11.29,11.34,11.46,11.29,654514.0,7428722.62
2018-08-30,11.3,11.4,11.51,11.3,960286.0,10977777.1
2018-08-31,11.33,11.3,11.44,11.23,794331.0,8997854.7
2018-09-03,11.24,11.3,11.36,11.12,775451.0,8737375.04
2018-09-04,11.3,11.44,11.52,11.3,1007553.0,11523894.0
2018-09-05,11.48,11.36,11.51,11.35,677072.0,7752157.63
2018-09-06,11.36,11.29,11.51,11.25,675864.0,7692573.0
2018-09-07,11.31,11.16,11.43,11.13,815628.0,9186601.8
2018-09-10,11.18,10.88,11.23,10.78,1092902.0,11981001.0
2018-09-11,10.76,10.74,10.9,10.64,1146310.0,12276557.0
2018-09-12,10.71,10.76,10.79,10.65,372573.0,3998901.16
2018-09-13,10.76,11.1,11.12,10.76,1241464.0,13609552.03
2018-09-14,11.17,11.03,11.39,10.98,1114692.0,12468316.0
2018-09-17,10.98,10.87,11.12,10.81,695391.0,7588702.12
2018-09-18,10.84,11.03,11.03,10.84,691466.0,7579450.88
2018-09-19,11.03,11.08,11.15,10.96,793878.0,8790618.0
2018-09-20,11.1,10.98,11.17,10.97,396939.0,4378184.64
2018-09-21,11.0,11.38,11.42,10.98,1867666.0,21084252.86
2018-09-25,11.32,11.54,11.58,11.29,2464493.0,28186009.67
2018-09-26,11.55,11.43,11.55,11.38,1120633.0,12840494.0
2018-09-27,11.45,11.23,11.45,11.19,906433.0,10243986.23
2018-09-28,11.25,11.29,11.35,11.23,478871.0,5409597.76
2018-10-08,11.24,10.97,11.24,10.96,897034.0,9898649.84
2018-10-09,11.11,10.98,11.11,10.95,474877.0,5229323.12
2018-10-10,11.0,11.04,11.12,10.63,694341.0,7658773.18
2018-10-11,10.88,10.32,10.89,10.18,1305662.0,13819095.33
2018-10-12,10.27,10.07,10.4,9.8,1090225.0,10986203.34
2018-10-15,9.74,9.79,10.03,9.74,1175296.0,11636344.32
2018-10-16,9.81,9.39,9.86,9.27,1352122.0,12845969.45
2018-10-17,9.4,9.46,9.52,9.34,570315.0,5374062.78
2018-10-18,9.45,9.26,9.45,9.2,644489.0,5985325.22
2018-10-19,9.14,9.53,9.55,9.06,924279.0,8692164.25
2018-10-22,9.55,9.93,10.08,9.54,1231793.0,12198537.08
2018-10-23,9.92,9.78,10.01,9.73,645429.0,6360139.75
2018-10-24,9.78,9.81,9.85,9.66,1305493.0,12755167.4
2018-10-25,9.63,10.17,10.23,9.48,1957233.0,19616848.46
2018-10-26,10.29,10.09,10.35,9.98,1270386.0,12947418.01
2018-10-29,10.05,9.97,10.09,9.88,498186.0,4964851.21
2018-10-30,9.97,10.0,10.1,9.89,542138.0,5433597.38
2018-10-31,10.01,10.19,10.23,9.99,706002.0,7101304.9
2018-11-01,10.2,10.44,10.51,10.15,1369503.0,14114555.14
2018-11-02,10.44,10.68,10.81,10.39,2266751.0,24108250.74
2018-11-05,10.63,10.52,10.75,10.5,786317.0,8318589.87
2018-11-06,10.51,10.58,10.64,10.31,1615068.0,16818461.78
2018-11-07,10.5,10.4,10.58,10.39,512466.0,5368163.32
2018-11-08,10.4,10.4,10.54,10.22,1437713.0,14892230.24
2018-11-09,10.34,10.17,10.38,10.17,532775.0,5468257.28
2018-11-12,10.11,10.46,10.57,10.11,1938255.0,20225768.91
2018-11-13,10.47,10.6,10.73,10.36,986207.0,10414259.66
2018-11-14,10.65,10.53,10.68,10.5,861474.0,9120461.69
2018-11-15,10.47,10.69,10.77,10.45,1547266.0,16479861.82
2018-11-16,10.7,10.66,10.78,10.59,979496.0,10482784.65
2018-11-19,10.72,10.7,10.79,10.65,1167343.0,12479283.37
2018-11-20,10.65,10.41,10.65,10.21,1372885.0,14302829.98
2018-11-21,10.26,10.46,10.48,10.24,675663.0,7010189.44
2018-11-22,10.46,10.51,10.61,10.36,874746.0,9185733.0
2018-11-23,10.49,10.1,10.49,10.08,840246.0,8603468.12
2018-11-26,10.1,10.24,10.33,10.03,685708.0,6974307.28
2018-11-27,10.33,10.31,10.35,10.2,606596.0,6239866.4
2018-11-28,10.31,10.28,10.35,10.19,379933.0,3905255.07
2018-11-29,10.4,10.12,10.41,10.09,521076.0,5352342.2
2018-11-30,10.09,10.14,10.2,10.08,380425.0,3854432.0
2018-12-03,10.28,10.36,10.5,10.28,1007286.0,10443747.6
2018-12-04,10.36,10.71,10.78,10.33,3232670.0,34294547.13
2018-12-05,10.63,11.03,11.05,10.46,4776760.0,51774522.84
2018-12-06,10.9,11.02,11.1,10.82,2486101.0,27245246.89
2018-12-07,11.12,11.33,11.4,10.82,3410414.0,38140081.17
2018-12-10,11.22,11.34,11.39,10.98,2981513.0,33473817.59
2018-12-11,11.28,11.34,11.4,11.22,1182707.0,13405661.61
2018-12-12,11.38,11.86,12.13,11.36,3503648.0,41420694.38
2018-12-13,12.0,11.72,12.02,11.54,2966954.0,34981080.54
2018-12-14,11.68,11.89,12.06,11.68,3137461.0,37370772.12
2018-12-17,11.87,11.96,12.31,11.42,4633600.0,55347154.17
2018-12-18,11.81,11.59,11.95,11.52,3984093.0,46405368.0
2018-12-19,11.57,11.6,11.81,11.34,2587355.0,29950365.0
2018-12-20,11.6,11.87,11.88,11.59,2349778.0,27642037.64
2018-12-21,11.77,11.78,12.14,11.72,2396314.0,28749634.06
2018-12-24,12.07,12.65,12.88,11.9,4942076.0,61535346.61
2018-12-25,12.63,13.06,13.36,12.39,5710833.0,73092089.02
2018-12-26,13.06,12.61,13.31,12.6,3652194.0,47076660.03
2018-12-27,12.91,12.91,13.16,12.51,4482494.0,57703679.1
2018-12-28,12.8,12.67,13.2,12.61,2671314.0,34382051.69
2019-01-02,12.7,12.66,13.03,12.58,2400205.0,30671347.4
2019-01-03,12.66,12.24,12.79,12.12,5496492.0,68176532.15
2019-01-04,12.23,13.04,13.24,12.23,7778389.0,100080338.83
2019-01-07,13.2,14.33,14.34,12.93,9025631.0,123480093.01
2019-01-08,14.28,14.7,15.06,14.0,9207764.0,134037805.4
2019-01-09,14.9,15.68,15.99,14.9,11405734.0,176759657.0
2019-01-10,15.11,14.91,15.89,14.71,5761155.0,88076887.58
2019-01-11,15.24,14.57,15.38,14.38,4133971.0,60447563.72
2019-01-14,14.66,14.4,14.71,14.26,3446977.0,49972280.6
2019-01-15,14.31,14.61,14.89,14.31,2825791.0,41247148.73
2019-01-16,14.6,14.97,15.46,14.45,3686830.0,55416674.07
2019-01-17,15.0,14.7,15.1,14.39,3019685.0,44277889.71
2019-01-18,14.42,14.78,14.78,14.02,3904143.0,56036510.93
2019-01-21,14.61,14.41,14.61,14.28,2704322.0,39041761.45
2019-01-22,14.45,14.29,14.5,14.0,1447326.0,20602579.7
2019-01-23,14.4,14.9,15.57,14.2,6896852.0,103350355.17
2019-01-24,15.1,14.87,15.14,14.47,3837575.0,56944266.41
2019-01-25,14.76,15.04,15.05,14.65,1781226.0,26513624.48
2019-01-28,15.04,14.97,15.4,14.7,2482117.0,37364106.81
2019-01-29,15.0,15.03,15.05,14.73,1157991.0,17284692.86
2019-01-30,15.03,15.57,15.62,14.76,3931996.0,60190284.14
2019-01-31,15.63,15.47,15.63,14.9,2686338.0,40869488.0
2019-02-01,15.26,15.35,15.64,15.0,3051781.0,46543106.51
2019-02-11,15.29,16.18,16.18,15.1,5137680.0,81397060.47
2019-02-12,16.17,16.58,16.96,16.04,3629549.0,60246869.23
2019-02-13,16.46,16.68,16.81,15.98,3279115.0,53659042.4
2019-02-14,16.39,16.29,16.48,16.23,3701710.0,60397230.7
2019-02-15,16.15,16.36,16.53,16.05,2103337.0,34196584.1
2019-02-18,16.41,16.38,16.52,16.22,2636695.0,43056347.98
2019-02-19,16.37,16.29,16.37,15.94,3961215.0,64160709.39
2019-02-20,15.9,16.25,16.52,15.86,2246100.0,36116768.0
2019-02-21,16.16,16.54,16.68,16.06,3209852.0,52984338.05
2019-02-22,16.44,17.53,17.76,16.44,4737700.0,81349930.12
2019-02-25,17.52,18.12,18.16,17.28,4774148.0,85305753.34
2019-02-26,17.91,18.34,18.61,17.58,4245824.0,77630137.11
2019-02-27,18.57,18.36,18.77,17.18,4346792.0,77449418.06
2019-02-28,18.28,18.33,18.65,17.49,4867983.0,87171110.18
2019-03-01,18.22,20.06,20.08,16.94,9269655.0,169440037.87
2019-03-04,19.61,19.75,20.86,19.44,7433363.0,149749705.29
2019-03-05,19.72,20.33,20.75,19.57,4499410.0,90870315.66
2019-03-06,20.18,20.86,21.09,19.96,3753599.0,77745523.71
2019-03-07,20.79,21.2,21.22,20.41,2497127.0,51982942.5
2019-03-08,20.87,21.23,21.55,19.95,4561144.0,94064111.42
2019-03-11,20.98,21.24,21.87,19.54,6768990.0,139657558.58
2019-03-12,21.13,20.65,21.14,20.48,4693499.0,97609485.0
2019-03-13,20.65,20.44,21.03,20.34,2459354.0,50881285.23
2019-03-14,20.32,19.99,20.51,19.82,1625883.0,32721415.4
2019-03-15,20.04,20.62,20.82,20.04,1467932.0,30121799.86
2019-03-18,20.62,21.56,21.81,20.44,2483282.0,52941602.43
2019-03-19,21.56,21.04,21.66,20.84,2658119.0,56053960.57
2019-03-20,21.07,20.82,21.35,20.51,1335668.0,27814975.85
2019-03-21,20.81,21.07,21.43,20.7,1457985.0,30830229.34
2019-03-22,21.07,22.39,22.44,20.98,3854917.0,84491167.61
2019-03-25,21.81,21.75,22.39,21.42,2176575.0,47313688.2
2019-03-26,21.75,21.46,21.94,21.1,1643543.0,35380614.62
2019-03-27,21.46,21.33,21.65,21.05,1023935.0,21830375.57
2019-03-28,21.05,21.22,21.74,21.03,1374454.0,29460512.49
2019-03-29,21.22,22.53,22.69,21.18,2610292.0,57701723.97
2019-04-01,22.46,23.52,23.72,22.18,3548096.0,81933483.29
2019-04-02,23.44,24.93,25.34,23.14,5200062.0,128442988.39
2019-04-03,24.98,25.68,26.15,24.35,3374521.0,85022810.28
2019-04-04,25.78,26.5,26.62,25.03,4448050.0,114104003.42
2019-04-08,26.5,27.91,27.94,25.62,4985395.0,134215471.04
2019-04-09,27.79,29.18,30.03,27.31,4904481.0,142209709.32
2019-04-10,28.7,30.26,30.39,27.84,4160038.0,121794480.75
2019-04-11,30.15,31.78,32.38,29.82,4550403.0,141481136.87
2019-04-12,31.95,30.84,33.25,30.29,6015168.0,193184132.6
2019-04-15,29.17,27.76,29.3,27.76,6363145.0,177633402.58
2019-04-16,27.11,27.96,28.86,25.29,8100736.0,213548780.66
2019-04-17,27.24,28.85,29.15,26.33,6720604.0,188193650.95
2019-04-18,28.63,27.31,29.03,27.31,4953490.0,138782082.71
2019-04-19,27.62,27.37,27.69,26.34,3430666.0,92808763.51
2019-04-22,27.11,26.62,27.63,26.35,5753806.0,154299593.02
2019-04-23,26.69,26.76,27.31,26.3,4756818.0,127233646.89
2019-04-24,26.37,28.1,28.13,26.37,6964069.0,188084821.9
2019-04-25,27.66,27.15,28.18,26.93,4371721.0,119975545.14
2019-04-26,27.31,26.91,27.53,25.54,3474040.0,91938908.96
2019-04-29,26.66,25.92,27.12,25.87,2060589.0,54499752.46
2019-04-30,25.9,26.67,26.76,24.98,2448116.0,63580925.24
2019-05-06,26.21,24.0,26.21,24.0,6120892.0,147909793.45
2019-05-07,23.74,25.16,25.18,23.25,4002689.0,97757187.67
2019-05-08,24.82,26.25,26.4,24.33,4290633.0,110271489.67
2019-05-09,25.82,25.44,26.21,24.86,2521705.0,64234510.74
2019-05-10,25.44,25.22,25.8,23.97,2110723.0,52932864.5
2019-05-13,25.13,25.28,25.61,24.54,3036186.0,76294091.86
2019-05-14,25.27,24.7,25.32,24.65,1727131.0,42942555.84
2019-05-15,25.06,24.93,25.36,24.6,1773103.0,44118494.9
2019-05-16,25.22,24.75,25.22,24.29,1581469.0,39139521.6
2019-05-17,24.82,24.49,24.88,23.59,2241693.0,53800822.8
2019-05-20,24.04,24.87,24.98,22.45,3362577.0,81773228.34
2019-05-21,24.6,26.11,26.12,24.54,2510284.0,64069681.09
2019-05-22,26.11,26.06,26.14,25.47,1520514.0,39319505.81
2019-05-23,25.94,25.32,26.17,24.01,2555435.0,63951569.0
2019-05-24,25.13,25.29,25.52,24.23,2754573.0,68454740.56
2019-05-27,25.25,25.59,25.9,24.43,1803944.0,45503332.56
2019-05-28,25.62,27.45,28.09,25.32,3543068.0,95515119.89
2019-05-29,27.31,27.45,27.76,27.01,2724529.0,74637536.12
2019-05-30,27.39,27.44,27.87,26.02,4643577.0,123923206.11
2019-05-31,27.31,27.71,28.3,26.73,4601591.0,126218811.19
2019-06-03,27.61,26.64,27.81,26.53,2971905.0,80686286.72
2019-06-04,26.68,25.12,26.68,24.65,2975205.0,74851556.54
2019-06-05,24.83,23.54,25.18,23.36,4422888.0,106042210.48
2019-06-06,22.84,23.15,23.59,21.95,3394308.0,77540144.61
2019-06-10,22.89,22.89,23.54,22.84,1777756.0,41261746.2
2019-06-11,23.54,23.54,23.68,22.78,3645836.0,84143409.07
2019-06-12,23.16,22.34,23.23,21.73,3518099.0,78447742.72
2019-06-13,21.87,22.03,22.64,21.53,3434966.0,74955409.26
2019-06-14,22.01,21.85,22.71,20.39,5471814.0,116217376.68
2019-06-17,21.35,20.09,21.38,20.09,4130009.0,85061939.78
2019-06-18,20.24,19.97,20.68,19.97,3964452.0,80389455.31
2019-06-19,20.28,19.79,20.54,19.79,2432885.0,48995061.82
2019-06-20,19.85,20.25,20.61,19.72,3759989.0,75942060.65
2019-06-21,20.14,19.83,20.43,19.56,5832995.0,115599478.13
2019-06-24,19.92,20.03,20.08,19.69,4239557.0,84393519.21
2019-06-25,19.98,19.48,20.07,19.09,3007679.0,58735173.27
2019-06-26,19.63,19.12,19.63,19.07,3185809.0,61545993.33
2019-06-27,19.19,19.13,19.4,18.86,4670614.0,89421672.45
2019-06-28,19.13,19.26,19.37,18.93,3138049.0,60167853.24
2019-07-01,19.18,19.29,19.61,19.18,4206122.0,81540876.56
2019-07-02,19.46,19.83,20.24,19.32,6971386.0,138057781.59
2019-07-03,19.83,19.24,19.94,19.15,3318464.0,64648046.67
2019-07-04,19.38,18.82,19.48,18.47,3809341.0,72338093.06
2019-07-05,18.66,19.46,19.82,18.63,4768833.0,92199927.92
2019-07-08,19.46,17.8,19.46,17.52,6332116.0,114760148.19
2019-07-09,17.84,19.57,19.57,17.81,7974214.0,150969636.87
2019-07-10,20.05,18.9,20.33,18.72,8037928.0,156137466.71
2019-07-11,19.03,18.56,19.12,18.13,4769670.0,89162241.3
2019-07-12,18.6,18.56,19.15,18.49,2962998.0,55514409.4
2019-07-15,18.0,19.0,19.17,17.56,4154853.0,77210346.04
2019-07-16,19.14,18.37,19.14,18.31,3260056.0,60567316.38
2019-07-17,18.21,18.58,18.66,18.05,3368744.0,61653516.51
2019-07-18,18.26,17.6,18.31,17.6,3596439.0,64034781.15
2019-07-19,17.55,17.65,17.81,17.5,2362512.0,41672062.96
2019-07-22,17.64,17.42,17.83,16.67,2926890.0,50874727.29
2019-07-23,17.26,18.06,18.21,17.06,4440361.0,78517647.15
2019-07-24,18.0,17.87,18.29,17.79,3844830.0,69276649.65
2019-07-25,17.9,17.98,18.27,17.44,2900089.0,51974586.02
2019-07-26,18.17,17.81,18.21,17.74,3533663.0,63388897.95
2019-07-29,17.92,17.59,17.93,17.42,1925375.0,33872468.63
2019-07-30,17.62,17.62,17.91,17.51,1775377.0,31483879.65
2019-07-31,17.64,17.12,17.71,17.09,1973490.0,34076085.18
2019-08-01,17.18,17.04,17.39,16.97,1964541.0,33692886.85
2019-08-02,16.57,16.42,16.7,15.82,3583078.0,58035602.96
2019-08-05,16.42,16.5,16.87,16.17,2742208.0,45412535.66
2019-08-06,16.05,15.51,16.16,15.34,2709571.0,42376163.24
2019-08-07,15.61,15.69,15.86,15.33,1796178.0,28100931.05
2019-08-08,15.74,15.77,16.1,15.71,1326674.0,21075312.83
2019-08-09,15.78,15.57,16.2,15.54,1304840.0,20714534.77
2019-08-12,15.62,15.75,15.9,15.54,2024012.0,31743917.0
2019-08-13,15.58,15.33,15.81,15.14,1950691.0,29965745.29
2019-08-14,15.39,15.64,15.83,15.39,1951047.0,30600979.6
2019-08-15,15.33,15.49,15.55,14.96,1906199.0,29051515.11
2019-08-16,15.49,15.4,15.66,15.36,1478768.0,22933098.0
2019-08-19,15.58,15.68,15.76,15.44,2013206.0,31440753.71
2019-08-20,15.84,15.43,15.86,15.34,1994922.0,31105014.83
2019-08-21,15.4,15.23,15.47,15.16,2188862.0,33409852.75
2019-08-22,15.33,15.33,15.48,15.05,1828994.0,27922215.36
2019-08-23,15.4,15.06,15.4,15.05,1682792.0,25496470.0
2019-08-26,14.89,14.96,15.25,14.68,2519938.0,37552234.65
2019-08-27,14.97,15.26,15.32,14.83,4129138.0,62700586.66
2019-08-28,15.43,15.89,16.5,15.43,9793097.0,155942406.91
2019-08-29,15.85,15.01,15.85,15.01,6590191.0,100307721.75
2019-08-30,15.08,14.13,15.13,14.11,7346381.0,106372651.44
2019-09-02,14.04,15.13,15.51,14.04,9157321.0,135544196.93
2019-09-03,15.13,14.72,15.2,14.53,6351909.0,93348691.9
2019-09-04,14.72,14.73,14.86,14.51,3448561.0,50551797.31
2019-09-05,14.78,14.96,15.2,14.75,4436097.0,66662196.15
2019-09-06,15.15,16.45,16.45,15.15,9755619.0,156181118.26
2019-09-09,17.11,17.01,17.28,16.33,12929336.0,217354346.55
2019-09-10,17.08,16.59,17.11,16.51,7066714.0,117821869.31
2019-09-11,16.69,16.62,16.77,16.42,5417364.0,89861936.83
2019-09-12,16.77,16.49,16.85,16.27,3763036.0,62060919.19
2019-09-16,16.72,16.86,17.49,16.57,6584275.0,111781057.4
2019-09-17,16.78,16.76,17.09,16.46,4151833.0,69209754.89
2019-09-18,16.76,18.17,18.43,16.55,11884043.0,210620069.02
2019-09-19,18.17,17.95,18.18,17.63,6057506.0,108312888.89
2019-09-20,18.01,18.22,18.38,17.82,5716650.0,103865594.22
2019-09-23,17.97,18.01,18.26,17.32,4874409.0,86938222.41
2019-09-24,18.01,18.52,18.53,17.73,5952122.0,108372995.36
2019-09-25,18.56,17.81,18.91,17.81,5843506.0,106964218.58
2019-09-26,17.86,17.31,18.05,16.93,5304549.0,92616900.25
2019-09-27,17.51,16.82,17.51,16.63,4539607.0,76819716.5
2019-09-30,16.99,16.16,16.99,16.12,2924721.0,48132818.92
2019-10-08,16.39,15.89,16.39,15.53,4487052.0,71473186.42
2019-10-09,15.88,15.65,15.88,15.33,3714960.0,57856218.25
2019-10-10,15.7,15.63,15.78,15.37,3934284.0,61143187.57
2019-10-11,15.63,15.41,15.68,15.26,3448754.0,53170422.3
2019-10-14,15.49,15.87,15.89,15.48,4171445.0,65730780.93
2019-10-15,15.87,15.43,15.87,15.38,3189720.0,49613382.81
2019-10-16,15.43,15.07,15.61,15.03,2637158.0,40357726.74
2019-10-17,15.21,15.2,15.31,14.97,2230123.0,33738552.75
2019-10-18,15.05,14.65,15.19,14.61,2918528.0,43373469.68
2019-10-21,14.67,14.68,14.71,14.34,1398055.0,20253897.09
2019-10-22,14.73,14.86,15.06,14.53,2731442.0,40411064.71
2019-10-23,15.08,15.21,15.7,15.08,4291474.0,65870158.74
2019-10-24,15.14,15.44,15.63,15.02,3750076.0,57689740.01
2019-10-25,15.53,15.39,15.53,15.12,2435835.0,37312752.48
2019-10-28,15.36,15.48,15.53,15.24,2158772.0,33322026.06
2019-10-29,15.51,15.13,15.51,15.1,2084565.0,31790152.5
2019-10-30,15.07,15.06,15.25,14.81,2529402.0,38052395.08
2019-10-31,15.05,15.08,15.26,14.87,2460303.0,37109446.28
2019-11-01,15.17,15.38,15.43,14.95,3411742.0,52052686.63
2019-11-04,15.26,14.64,15.36,14.49,6506889.0,96387076.26
2019-11-05,14.72,14.37,14.72,14.16,5085478.0,72979982.29
2019-11-06,14.45,14.16,14.74,14.0,6523539.0,93919170.56
2019-11-07,14.14,14.68,14.99,14.11,5784368.0,84398859.14
2019-11-08,14.83,15.23,15.55,14.68,6623294.0,100395720.73
2019-11-11,15.14,14.99,15.33,14.88,2976293.0,44860501.5
2019-11-12,15.21,14.88,15.28,14.75,3893423.0,58428164.38
2019-11-13,14.97,14.67,15.08,14.51,3070901.0,45360524.04
2019-11-14,14.89,14.56,14.89,14.43,3598280.0,52639188.28
2019-11-15,14.61,14.27,14.61,14.23,3130875.0,45100273.06
2019-11-18,14.27,14.47,14.57,14.19,2149247.0,30901617.62
2019-11-19,14.44,14.63,14.64,14.3,2163390.0,31368354.7
2019-11-20,14.64,14.24,14.67,14.23,2705463.0,38786949.86
2019-11-21,14.12,14.08,14.32,13.95,2891239.0,40758033.04
2019-11-22,14.13,13.82,14.2,13.78,2948142.0,41196871.85
2019-11-25,13.82,14.05,14.07,13.27,3753121.0,51737660.72
2019-11-26,14.02,13.94,14.15,13.83,1981402.0,27607517.64
2019-11-27,13.85,14.0,14.04,13.69,2724557.0,38024434.44
2019-11-28,13.93,14.32,14.45,13.93,3967551.0,56538698.51
2019-11-29,14.34,14.16,14.36,14.04,2677278.0,37921023.24
2019-12-02,14.15,14.18,14.48,13.98,3520615.0,50015250.6
2019-12-03,14.15,14.32,14.33,13.83,3736393.0,52640824.53
2019-12-04,14.24,14.05,14.58,13.99,4666706.0,66246671.48
2019-12-05,14.12,14.04,14.12,13.95,2889419.0,40560796.42
2019-12-06,14.03,14.05,14.21,13.85,3030021.0,42438904.16
2019-12-09,14.04,13.74,14.04,13.63,5602800.0,77286199.45
2019-12-10,13.71,13.6,13.73,13.5,3074829.0,41789751.19
2019-12-11,13.58,14.04,14.11,13.58,6152625.0,85221975.47
2019-12-12,13.93,14.43,14.51,13.79,8954137.0,127213541.12
2019-12-13,14.38,14.04,14.38,13.88,9415211.0,132503640.33
2019-12-16,14.05,14.03,14.15,13.76,6854036.0,95403866.75
2019-12-17,14.01,14.21,14.33,13.91,9348810.0,131768872.17
2019-12-18,14.18,14.48,14.65,14.12,10627337.0,153200268.61
2019-12-19,14.57,14.45,14.71,14.28,6163778.0,88931234.68
2019-12-20,14.47,14.37,14.65,14.35,5729646.0,82895085.22
2019-12-23,14.31,13.78,14.32,13.75,7521613.0,105500727.04
2019-12-24,13.82,13.83,13.87,13.68,4782328.0,65942255.05
2019-12-25,13.86,13.93,14.05,13.78,4711731.0,65567177.87
2019-12-26,13.91,13.9,13.98,13.69,5554479.0,76752899.48
2019-12-27,13.84,13.71,13.9,13.71,5547250.0,76484701.43
2019-12-30,13.64,13.81,13.83,13.45,5586621.0,76002375.34
2019-12-31,13.81,13.73,13.97,13.65,5200169.0,71601720.84
2020-01-02,13.8,14.29,14.37,13.79,11583196.0,164142760.09
2020-01-03,14.41,14.14,14.43,14.08,5893683.0,83701360.3
2020-01-06,14.13,14.18,14.33,14.01,5972400.0,84658714.26
2020-01-07,14.21,14.42,14.52,14.2,7418398.0,106812778.86
2020-01-08,14.4,14.2,14.6,14.18,8752250.0,125918506.46
2020-01-09,14.29,14.44,14.68,14.29,8330931.0,120635520.96
2020-01-10,14.51,14.36,14.68,14.31,4974857.0,71734899.87
2020-01-13,14.43,14.76,14.78,14.38,14557232.0,212697184.37
2020-01-14,14.98,15.34,15.8,14.76,19699084.0,301014376.54
2020-01-15,15.39,15.24,15.49,15.07,9156405.0,139227879.01
2020-01-16,15.2,15.17,15.38,15.07,6910349.0,104960491.38
2020-01-17,15.22,15.36,15.47,14.94,8739679.0,133218642.23
2020-01-20,15.49,15.72,15.97,15.38,10362117.0,163010208.2
2020-01-21,15.52,14.84,15.52,14.81,11696051.0,176433824.19
2020-01-22,14.71,14.44,14.71,14.05,9751354.0,140001631.58
2020-01-23,14.26,13.82,14.38,13.7,8454385.0,118804393.4
2020-02-03,12.44,12.44,12.44,12.44,824616.0,10258750.0
2020-02-04,11.2,12.14,12.16,11.2,11462968.0,136113850.48
2020-02-05,12.16,12.07,12.63,11.99,10290223.0,125837618.04
2020-02-06,12.07,12.13,12.27,11.87,8582464.0,103443690.62
2020-02-07,12.01,12.03,12.33,11.85,7289473.0,87718204.7
2020-02-10,12.16,12.51,12.6,12.15,10289371.0,126994457.47
2020-02-11,12.44,12.28,12.48,12.24,8117909.0,100057665.0
2020-02-12,12.29,12.35,12.36,12.14,6849521.0,83793578.73
2020-02-13,12.34,12.14,12.39,12.07,8077359.0,98552042.37
2020-02-14,12.09,11.96,12.11,11.87,7472688.0,89562075.0
2020-02-17,11.99,12.83,12.88,11.98,14326465.0,179357108.6
2020-02-18,12.81,12.95,13.09,12.65,10294182.0,132422353.23
2020-02-19,12.97,13.01,13.26,12.97,8412050.0,110246985.32
2020-02-20,13.06,13.38,13.48,12.96,9373632.0,124055216.05
2020-02-21,13.39,13.61,13.82,13.39,10277573.0,139682219.65
2020-02-24,13.6,13.99,14.04,13.34,10780963.0,147824263.78
2020-02-25,13.61,14.16,14.71,13.16,16447539.0,228942024.8
2020-02-26,13.82,13.61,14.11,13.55,11152718.0,154160592.73
2020-02-27,13.74,13.41,13.74,13.34,8430395.0,114167383.09
2020-02-28,12.97,12.49,13.11,12.44,10151196.0,129278966.59
2020-03-02,12.53,13.06,13.12,12.53,8097577.0,104561536.48
2020-03-03,13.29,13.18,13.47,13.01,7478808.0,99166955.34
2020-03-04,12.99,13.08,13.26,12.87,6312304.0,82310891.97
2020-03-05,13.24,13.32,13.37,13.16,7037041.0,93253513.51
2020-03-06,13.14,13.27,13.39,13.05,4860473.0,64179098.56
2020-03-09,13.09,12.77,13.09,12.7,8214896.0,105539877.13
2020-03-10,12.53,12.94,12.99,12.43,6976259.0,88899610.35
2020-03-11,12.93,12.94,13.23,12.91,5487915.0,71785353.38
2020-03-12,12.74,12.74,12.83,12.47,5932511.0,75005962.62
2020-03-13,12.19,12.39,12.53,11.86,6954573.0,85075470.49
2020-03-16,12.44,12.19,12.84,12.14,8139372.0,102212263.2
2020-03-17,12.3,11.92,12.4,11.54,6401310.0,76068444.08
2020-03-18,12.02,11.6,12.11,11.6,6193328.0,73320295.34
2020-03-19,11.58,11.5,11.78,11.25,5309570.0,60993805.39
2020-03-20,11.61,11.61,11.69,11.44,2711177.0,31355538.61
2020-03-23,11.41,11.19,11.57,11.16,4449042.0,50404647.19
2020-03-24,11.35,11.85,11.95,11.32,6160631.0,71316464.21
2020-03-25,12.1,12.65,12.71,12.1,8824453.0,109998500.01
2020-03-26,12.48,12.44,12.69,12.34,5993356.0,74854765.39
2020-03-27,12.6,12.14,12.65,12.14,4994616.0,61471205.46
2020-03-30,11.97,11.8,12.07,11.7,4894899.0,57825587.99
2020-03-31,11.93,11.65,12.09,11.64,4395832.0,52048594.65
2020-04-01,11.74,11.5,11.99,11.45,5730260.0,66951792.26
2020-04-02,11.46,11.7,11.7,11.29,3701079.0,42423007.42
2020-04-03,12.25,12.01,12.32,11.97,9382147.0,113561180.16
2020-04-07,12.14,12.51,12.63,12.07,8100238.0,99858512.55
2020-04-08,12.49,12.32,12.49,12.23,3870140.0,47759600.86
2020-04-09,12.37,12.29,12.47,12.26,3891384.0,48117317.57
2020-04-10,12.36,11.99,12.41,11.95,4452524.0,53838968.37
2020-04-13,11.99,12.25,12.53,11.76,5667300.0,68894592.4
2020-04-14,12.12,12.27,12.3,12.03,3883936.0,47286237.26
2020-04-15,12.28,12.19,12.48,12.14,4465382.0,54896484.92
2020-04-16,12.09,12.3,12.33,12.02,3801623.0,46450879.03
2020-04-17,12.3,12.25,12.4,12.19,3463729.0,42630021.12
2020-04-20,12.25,12.18,12.25,12.07,2741152.0,33276644.51
2020-04-21,12.11,11.84,12.11,11.73,4289259.0,50870133.95
2020-04-22,11.72,11.94,11.98,11.69,2240565.0,26577364.65
2020-04-23,12.04,11.91,12.12,11.82,2620815.0,31317908.66
2020-04-24,11.89,11.85,12.11,11.76,2998993.0,35767545.05
2020-04-27,11.77,11.7,11.83,11.65,2942623.0,34497088.63
2020-04-28,11.73,11.34,11.77,11.17,4938928.0,56191177.92
2020-04-29,11.34,11.39,11.46,11.22,3120754.0,35380967.54
2020-04-30,11.43,11.71,11.74,11.42,3702692.0,43089654.25
2020-05-06,11.67,11.9,11.94,11.55,4415496.0,52212435.76
2020-05-07,11.94,12.11,12.23,11.84,6032042.0,72689168.83
2020-05-08,12.16,12.27,12.31,12.1,5877400.0,71764019.95
2020-05-11,12.26,12.34,12.54,12.26,5177703.0,64123570.96
2020-05-12,12.36,12.12,12.41,12.04,3883431.0,47383877.99
2020-05-13,12.13,12.0,12.13,11.91,3583268.0,43024369.56
2020-05-14,12.03,11.77,12.03,11.75,2957952.0,35087166.62
2020-05-15,11.82,11.61,11.89,11.6,3408060.0,39893920.79
2020-05-18,11.6,11.7,11.77,11.45,4433472.0,51745850.63
2020-05-19,11.74,11.7,11.82,11.64,3349350.0,39215841.24
2020-05-20,11.64,11.65,11.8,11.59,3587918.0,41983389.68
2020-05-21,11.69,11.51,11.74,11.48,2663168.0,30838563.92
2020-05-22,11.52,11.51,11.67,11.44,2922303.0,33751546.33
2020-05-25,11.56,11.38,11.56,11.37,2547871.0,29140532.67
2020-05-26,11.49,11.58,11.6,11.37,2513018.0,28874454.37
2020-05-27,11.62,11.91,12.02,11.41,6567109.0,77308604.92
2020-05-28,11.78,11.91,12.44,11.78,9653916.0,116807654.74
2020-05-29,11.92,11.73,12.05,11.72,6036565.0,71477993.21
2020-06-01,11.74,11.97,12.04,11.74,5505892.0,65692468.46
2020-06-02,11.97,12.12,12.23,11.94,5203650.0,62789956.81
2020-06-03,12.27,12.94,13.34,12.06,11693032.0,146165690.88
2020-06-04,13.15,13.93,14.13,12.7,25552598.0,338721363.93
2020-06-05,13.58,13.03,13.78,12.91,17244268.0,230452418.66
2020-06-08,12.91,12.55,13.0,12.49,11187311.0,141069158.93
2020-06-09,12.54,12.56,12.75,12.46,5712331.0,71865910.69
2020-06-10,12.49,12.4,12.57,12.25,5515589.0,68382049.89
2020-06-11,12.35,12.53,12.87,12.35,8062477.0,101705290.37
2020-06-12,12.09,12.91,13.06,12.06,10883455.0,137704107.49
2020-06-15,12.77,12.52,12.87,12.51,6873082.0,87226382.55
2020-06-16,12.57,12.62,12.73,12.45,3394423.0,42727385.33
2020-06-17,12.69,12.6,12.72,12.36,5104993.0,63782150.33
2020-06-18,12.52,12.56,12.66,12.46,3801888.0,47719983.15
2020-06-19,12.59,12.81,12.95,12.59,7714041.0,98782959.81
2020-06-22,12.91,12.65,12.95,12.61,6612130.0,84359270.05
2020-06-23,12.63,12.41,12.66,12.39,5323876.0,66550060.58
2020-06-24,12.45,12.42,12.63,12.38,3061017.0,38155095.2
2020-06-29,12.4,12.14,12.4,12.12,4375847.0,53443983.4
2020-06-30,12.2,12.31,12.36,12.18,3792017.0,46572667.08
2020-07-01,12.32,12.72,12.79,12.32,6519934.0,81763962.59
2020-07-02,12.73,13.28,13.48,12.69,12110387.0,159075552.37
2020-07-03,13.48,13.98,14.08,13.39,15981227.0,219341605.0
2020-07-06,14.53,15.12,15.39,14.17,26020515.0,383299887.25
2020-07-07,15.23,14.82,15.43,14.73,21777346.0,327556074.28
2020-07-08,14.82,14.98,15.03,14.59,14700835.0,218685588.45
2020-07-09,14.98,15.68,15.98,14.85,14188657.0,217521768.78
2020-07-10,15.53,15.13,16.03,15.08,13456542.0,209368494.91
2020-07-13,15.32,15.8,16.22,15.32,13072680.0,205712344.42
2020-07-14,15.8,15.38,15.82,14.97,14496425.0,222685958.81
2020-07-15,15.33,14.58,15.58,14.54,11838017.0,176512685.43
2020-07-16,14.6,14.15,14.92,14.08,9769791.0,141852658.67
2020-07-17,14.07,14.88,14.89,13.86,13134514.0,189325026.79
2020-07-20,14.93,15.03,15.28,14.63,13473097.0,201875326.44
2020-07-21,15.03,14.67,15.03,14.5,8556330.0,126000981.32
2020-07-22,14.65,14.75,15.09,14.6,8454334.0,125549855.26
2020-07-23,14.57,15.46,15.52,14.3,16122442.0,242095935.04
2020-07-24,15.21,14.34,15.3,14.31,16644206.0,245595819.76
2020-07-27,14.47,14.55,14.66,14.05,8169016.0,117264912.89
2020-07-28,14.56,14.51,14.93,14.4,8184238.0,120095183.4
2020-07-29,14.51,14.85,14.85,14.27,9903850.0,144390431.04
2020-07-30,14.76,14.86,15.26,14.69,10969704.0,164485901.6
2020-07-31,14.75,14.85,15.09,14.55,7484447.0,110853219.25
2020-08-03,15.0,14.99,15.28,14.81,9949680.0,149511180.87
2020-08-04,15.02,14.6,15.08,14.56,8955093.0,131618942.54
2020-08-05,14.59,14.58,14.68,14.44,5789291.0,84202881.93
2020-08-06,14.58,14.46,14.72,14.25,6991231.0,100985790.14
2020-08-07,14.33,14.16,14.4,13.9,7529839.0,106517581.91
2020-08-10,14.15,14.34,14.65,14.15,4676828.0,67089703.05
2020-08-11,14.34,14.08,14.48,14.07,5447059.0,77959755.67
2020-08-12,13.94,13.97,14.1,13.69,5898700.0,81726634.79
2020-08-13,14.1,14.22,14.55,14.04,6111204.0,87362892.12
2020-08-14,14.29,14.2,14.31,13.87,5138257.0,72305748.57
2020-08-17,14.27,14.39,14.47,14.15,5450407.0,78132450.53
2020-08-18,14.42,14.48,14.84,14.42,7139104.0,104103213.55
2020-08-19,14.5,14.29,14.56,14.2,5348086.0,76814142.26
2020-08-20,14.27,14.22,14.42,14.08,2904754.0,41344011.4
2020-08-21,14.22,14.26,14.46,14.16,2985350.0,42676832.56
2020-08-24,14.36,14.7,14.75,14.14,7563031.0,110374667.14
2020-08-25,14.75,14.72,14.93,14.58,7301002.0,107778282.59
2020-08-26,14.76,14.47,15.12,14.42,10030968.0,148217980.76
2020-08-27,14.56,14.88,14.95,14.55,7524634.0,111173628.48
2020-08-28,14.9,14.73,14.99,14.5,8135568.0,119635455.73
2020-08-31,14.87,14.76,15.08,14.74,7018238.0,104213567.27
2020-09-01,14.71,14.99,15.05,14.66,8173028.0,121840001.73
2020-09-02,14.99,14.93,15.09,14.82,5302182.0,79185470.63
2020-09-03,14.95,14.68,14.95,14.54,5565272.0,81897709.58
2020-09-04,14.32,14.43,14.48,14.22,4594619.0,66020639.52
2020-09-07,14.48,15.68,15.87,14.47,23331697.0,360226167.99
2020-09-08,15.8,16.81,16.97,15.73,25163063.0,412877248.01
2020-09-09,16.32,15.93,16.84,15.88,19897224.0,323847145.62
2020-09-10,16.25,15.6,16.3,15.53,12625390.0,200656515.22
2020-09-11,15.56,15.6,15.92,15.14,14261318.0,221455206.93
2020-09-14,15.72,15.34,15.82,15.09,9959032.0,153647457.56
2020-09-15,15.34,16.19,16.27,15.28,11766401.0,186580047.28
2020-09-16,16.09,16.23,16.74,15.77,14352957.0,231822376.04
2020-09-17,16.37,17.0,17.79,16.37,23229938.0,396616772.56
2020-09-18,17.15,16.9,17.5,16.7,14379141.0,244136025.79
2020-09-21,17.0,16.91,17.15,16.67,9238823.0,155953634.69
2020-09-22,16.78,16.38,16.78,16.28,7037411.0,115988285.77
2020-09-23,16.46,16.56,16.66,16.21,6029671.0,99118360.57
2020-09-24,16.31,16.04,16.49,16.02,7429510.0,120100796.39
2020-09-25,16.2,16.16,16.33,15.82,5978968.0,96439397.12
2020-09-28,16.14,16.87,16.95,16.02,11691760.0,194848322.6
2020-09-29,16.87,16.56,16.95,16.46,7214686.0,119805712.86
2020-09-30,16.56,16.59,17.07,16.24,11175327.0,186819965.44
2020-10-09,16.96,17.0,17.34,16.88,9014545.0,153725564.82
2020-10-12,17.11,17.35,17.6,17.06,10804685.0,186631673.08
2020-10-13,17.33,17.95,18.35,16.92,15074504.0,264749545.11
2020-10-14,17.75,17.79,18.22,17.48,12049489.0,214512861.01
2020-10-15,17.86,16.72,18.49,16.69,18039403.0,316466308.24
2020-10-16,16.57,16.34,16.89,15.98,12782209.0,209537620.16
2020-10-19,16.4,16.05,16.58,15.97,11713394.0,190093540.55
2020-10-20,16.07,17.1,17.37,16.04,13012152.0,216646788.15
2020-10-21,16.99,16.58,17.08,16.58,9103893.0,152635648.13
2020-10-22,16.68,16.13,16.75,16.02,8675702.0,140626711.99
2020-10-23,16.28,15.65,16.3,15.46,11211853.0,177131311.25
2020-10-26,15.49,15.72,15.72,15.12,5721734.0,88524406.9
2020-10-27,15.72,15.48,15.74,14.98,10868929.0,166165776.01
2020-10-28,15.48,17.03,17.03,15.46,19920863.0,328947724.56
2020-10-29,17.49,18.73,18.73,17.28,28012367.0,512254709.62
2020-10-30,19.73,19.93,20.6,18.9,50964693.0,1018839891.08
2020-11-02,20.3,21.92,21.92,20.22,30985357.0,658183389.65
2020-11-03,23.0,22.33,23.65,21.75,57272246.0,1301262729.54
2020-11-04,22.33,22.4,22.9,21.4,44256885.0,976445860.15
2020-11-05,23.0,23.01,23.5,21.66,44050454.0,995337804.72
2020-11-06,22.95,21.11,22.95,20.71,41164174.0,885881164.83
2020-11-09,21.67,23.22,23.22,21.32,40359326.0,914905526.34
2020-11-10,24.01,23.5,24.48,20.95,46196855.0,1026535022.92
2020-11-11,22.5,21.2,22.54,21.15,35201012.0,764397421.41
2020-11-12,21.49,20.5,21.5,19.28,20235332.0,416423515.79
2020-11-13,21.0,20.25,21.15,20.05,16687448.0,342842028.7
2020-11-16,19.95,20.15,20.5,19.53,16385465.0,326724621.95
2020-11-17,20.21,20.75,21.37,19.86,24454210.0,507931741.62
2020-11-18,20.64,20.19,20.64,19.0,15574899.0,312271244.61
2020-11-19,20.51,19.75,20.96,19.52,15236826.0,305917475.54
2020-11-20,19.75,20.64,21.15,19.57,22146668.0,454501442.95
2020-11-23,20.64,21.58,22.47,20.0,26612411.0,554811301.5
2020-11-24,21.67,20.96,22.13,20.85,20142388.0,429632704.02
2020-11-25,20.91,21.23,22.46,20.55,26793671.0,578851415.98
2020-11-26,20.51,19.86,20.6,19.39,19319935.0,383484233.71
2020-11-27,19.78,19.87,20.32,19.29,13428095.0,265394123.47
2020-11-30,19.63,19.55,20.09,19.11,12705068.0,249250291.53
2020-12-01,19.28,20.14,20.6,19.0,19573705.0,388647891.42
2020-12-02,19.87,19.45,20.0,19.3,13034398.0,255189311.78
2020-12-03,19.45,19.45,19.9,18.7,15251049.0,293466228.34
2020-12-04,19.39,19.35,20.08,19.17,13878063.0,271730340.21
2020-12-07,19.2,18.93,19.3,18.87,7983773.0,151978966.94
2020-12-08,19.09,19.58,19.65,19.03,13420946.0,260235894.31
2020-12-09,19.56,18.89,19.73,18.88,10113031.0,193854406.03
2020-12-10,18.7,18.16,18.74,17.87,9567917.0,174904921.94
2020-12-11,18.64,18.08,18.71,17.5,10620109.0,191366325.05
2020-12-14,18.01,18.52,18.74,17.52,11121201.0,203896097.21
2020-12-15,18.46,18.85,19.07,18.32,13414812.0,251567451.64
2020-12-16,18.93,18.6,18.93,18.32,8878598.0,164760638.5
2020-12-17,18.5,18.86,19.49,18.35,12640150.0,239712577.07
2020-12-18,18.77,20.75,20.75,18.46,28945414.0,585262978.96
2020-12-21,21.58,22.83,22.83,20.75,39407135.0,859270420.27
2020-12-22,23.03,22.11,24.88,22.01,46609611.0,1079067769.97
2020-12-23,22.01,22.2,23.29,21.86,38010285.0,857959224.5
2020-12-24,21.49,20.62,21.66,20.26,28712395.0,596743150.22
2020-12-25,20.47,20.63,20.9,20.21,19464132.0,400962096.21
2020-12-28,20.71,21.26,21.68,19.8,27459091.0,575589886.99
2020-12-29,21.02,20.48,21.17,20.16,16338264.0,335251144.24
2020-12-30,20.24,20.64,21.26,20.24,17853023.0,371717526.64
2020-12-31,20.54,20.64,21.19,20.39,17067866.0,353433373.38
2021-01-04,20.01,20.18,20.8,19.25,22155687.0,449644029.6
2021-01-05,20.45,19.7,20.84,19.58,18130420.0,362037327.23
2021-01-06,19.99,19.19,20.26,18.95,18015091.0,348764359.14
2021-01-07,19.29,19.38,19.47,18.67,16613896.0,317789792.97
2021-01-08,19.28,19.12,19.66,18.6,13992054.0,267189612.62
2021-01-11,19.13,19.29,19.8,18.64,14787176.0,285198001.47
2021-01-12,19.1,18.82,19.14,18.51,11763265.0,220535628.99
2021-01-13,18.83,18.31,19.3,18.24,12067348.0,226074244.74
2021-01-14,18.05,18.19,18.55,17.8,8663310.0,157465207.45
2021-01-15,18.2,18.75,18.88,17.96,10512689.0,193329157.24
2021-01-18,18.76,18.67,18.9,18.41,8174396.0,152911150.93
2021-01-19,18.68,19.54,19.57,18.2,14073438.0,265210806.56
2021-01-20,19.5,20.6,21.3,19.39,20688058.0,426648208.41
2021-01-21,20.01,20.58,21.0,19.36,15780369.0,316915224.1
2021-01-22,21.2,20.2,21.53,20.13,19980416.0,416390367.22
2021-01-25,19.83,19.35,20.39,19.3,14544517.0,286041831.44
2021-01-26,19.1,18.63,19.25,18.55,8890255.0,167154645.1
2021-01-27,18.6,19.52,19.52,18.05,10432739.0,195333189.89
2021-01-28,18.88,18.33,19.26,18.28,7915488.0,148778266.17
2021-01-29,18.3,18.0,18.5,17.8,7969785.0,143622857.6
2021-02-01,18.08,18.02,18.23,17.72,5849129.0,104701154.08
2021-02-02,18.3,19.82,19.82,18.3,12526415.0,242933746.82
2021-02-03,19.64,19.61,20.78,19.41,22886390.0,458878323.95
2021-02-04,19.27,20.09,20.4,19.08,14126371.0,278472603.2
2021-02-05,19.78,18.7,19.8,18.69,10429791.0,201263131.32
2021-02-08,18.67,19.14,19.73,18.3,8457531.0,161761212.53
2021-02-09,19.3,19.5,19.7,18.83,7521278.0,145784074.7
2021-02-10,19.5,19.69,20.35,19.4,10089010.0,200588211.95
2021-02-18,19.99,20.68,21.04,19.66,15465803.0,314373481.55
2021-02-19,20.49,20.72,20.85,20.1,11946642.0,245640044.48
2021-02-22,20.73,20.9,21.5,20.5,15737265.0,329786101.3
2021-02-23,21.65,20.35,21.95,20.01,13481553.0,281195822.61
2021-02-24,20.5,22.38,22.39,20.3,33886417.0,745238325.11
2021-02-25,21.71,21.39,21.8,20.55,21728603.0,462409787.71
2021-02-26,20.8,20.27,20.94,19.89,15775652.0,321926728.02
2021-03-01,20.3,21.47,21.58,20.05,15672360.0,329229003.83
2021-03-02,21.34,22.04,22.3,21.26,19358418.0,425061126.37
2021-03-03,22.0,22.42,22.44,21.56,13112437.0,289490906.12
2021-03-04,21.91,22.58,23.17,21.69,13703167.0,310615447.83
2021-03-05,22.28,23.3,24.23,22.19,15588778.0,367391893.14
2021-03-08,23.7,25.63,25.63,23.7,20895660.0,524460514.68
2021-03-09,25.53,23.95,25.53,23.5,22753253.0,563715939.89
2021-03-10,24.76,23.21,25.45,22.67,17999240.0,422625045.79
2021-03-11,23.58,23.87,24.5,23.04,12642111.0,300785268.36
2021-03-12,23.7,26.25,26.26,23.7,21944579.0,559160371.14
2021-03-15,25.46,25.85,26.79,24.49,16875910.0,431513407.38
2021-03-16,26.2,25.67,26.34,25.1,10476930.0,267669965.51
2021-03-17,25.51,24.78,25.55,24.31,12569212.0,311018557.81
2021-03-18,24.8,25.72,25.81,24.45,10793264.0,272040850.36
2021-03-19,25.2,23.79,25.26,23.61,13782952.0,333211426.4
