date,open,close,high,low,volume,money
2005-01-04,3.96,3.88,3.96,3.88,1808207.0,7070415.0
2005-01-05,3.88,3.94,3.94,3.84,1974291.0,7769051.0
2005-01-06,3.9,3.97,4.03,3.9,3574589.0,14253034.0
2005-01-07,3.97,4.0,4.03,3.93,1852047.0,7406932.0
2005-01-10,4.02,4.15,4.19,4.0,7798939.0,32140758.0
2005-01-11,4.15,4.15,4.22,4.13,3341690.0,13929426.0
2005-01-12,4.11,4.13,4.17,4.08,1526162.0,6302393.0
2005-01-13,4.13,4.14,4.15,4.11,1175255.0,4862591.0
2005-01-14,4.14,4.19,4.26,4.14,11983564.0,50594042.0
2005-01-17,4.18,4.12,4.19,4.1,1703394.0,7043463.0
2005-01-18,4.12,4.12,4.13,4.07,1254809.0,5129621.0
2005-01-19,4.12,4.12,4.18,4.09,451803.0,1870829.0
2005-01-20,4.08,4.07,4.13,4.05,4971923.0,20236930.0
2005-01-21,4.03,4.13,4.15,4.03,1481797.0,6072711.0
2005-01-24,4.19,4.2,4.24,4.11,3664093.0,15203887.0
2005-01-25,4.17,4.22,4.25,4.1,4060006.0,16953233.0
2005-01-26,4.2,4.23,4.25,4.17,1932327.0,8188461.0
2005-01-27,4.21,4.23,4.25,4.17,600949.0,2539967.0
2005-01-28,4.2,4.24,4.25,4.2,838455.0,3551886.0
2005-01-31,4.24,4.23,4.24,4.17,895813.0,3774948.0
2005-02-01,4.18,4.23,4.26,4.18,1878876.0,7964020.0
2005-02-02,4.23,4.35,4.36,4.21,4361776.0,18829616.0
2005-02-03,4.35,4.41,4.41,4.28,4335499.0,18928556.0
2005-02-04,4.39,4.41,4.43,4.38,2055064.0,9064037.0
2005-02-16,4.41,4.37,4.43,4.34,1054724.0,4602398.0
2005-02-17,4.34,4.31,4.39,4.3,1020288.0,4406062.0
2005-02-18,4.34,4.27,4.38,4.26,439493.0,1897710.0
2005-02-21,4.28,4.31,4.35,4.25,572652.0,2465197.0
2005-02-22,4.28,4.39,4.42,4.28,4393090.0,19204758.0
2005-02-23,4.38,4.35,4.38,4.27,2189108.0,9434681.0
2005-02-24,4.35,4.3,4.37,4.26,3576375.0,15425196.0
2005-02-25,4.3,4.34,4.38,4.25,4604546.0,19885719.0
2005-02-28,4.32,4.27,4.32,4.25,2433754.0,10391992.0
2005-03-01,4.24,4.28,4.3,4.24,1490766.0,6365534.0
2005-03-02,4.28,4.28,4.32,4.28,762389.0,3274309.0
2005-03-03,4.29,4.28,4.3,4.25,2238880.0,9584960.0
2005-03-04,4.3,4.36,4.37,4.3,1058610.0,4599970.0
2005-03-07,4.36,4.43,4.44,4.32,6392763.0,27965852.0
2005-03-08,4.43,4.5,4.54,4.43,7804071.0,35198994.0
2005-03-09,4.53,4.5,4.57,4.49,3785324.0,17138119.0
2005-03-10,4.51,4.5,4.53,4.47,1807476.0,8114296.0
2005-03-11,4.43,4.49,4.5,4.43,3292485.0,14705480.0
2005-03-14,4.49,4.67,4.75,4.48,4330945.0,20048473.0
2005-03-15,4.67,4.57,4.67,4.54,3086092.0,14121926.0
2005-03-16,4.55,4.45,4.55,4.39,4433734.0,19722095.0
2005-03-17,4.43,4.53,4.56,4.38,4089225.0,18189836.0
2005-03-18,4.51,4.39,4.53,4.38,3374387.0,14956370.0
2005-03-21,4.39,4.48,4.57,4.38,2049975.0,9135830.0
2005-03-22,4.53,4.56,4.66,4.44,7874973.0,36039546.0
2005-03-23,4.58,4.55,4.65,4.49,4635027.0,21164838.0
2005-03-24,4.51,4.49,4.51,4.37,7005295.0,31049927.0
2005-03-25,4.47,4.47,4.49,4.45,1058477.0,4737560.0
2005-03-28,4.47,4.51,4.53,4.46,1883112.0,8473194.0
2005-03-29,4.51,4.52,4.62,4.43,6505533.0,29221740.0
2005-03-30,4.45,4.41,4.45,4.4,1429274.0,6329946.0
2005-03-31,4.4,4.34,4.43,4.32,2137883.0,9298196.0
2005-04-01,4.3,4.43,4.53,4.3,2018953.0,8879144.0
2005-04-04,4.4,4.46,4.49,4.34,2362862.0,10411992.0
2005-04-05,4.46,4.51,4.57,4.44,3565238.0,16116758.0
2005-04-06,4.52,4.57,4.6,4.36,4776344.0,21678483.0
2005-04-07,4.61,4.52,4.66,4.51,4751429.0,21756206.0
2005-04-08,4.52,4.42,4.52,4.38,5893679.0,26161166.0
2005-04-11,4.4,4.3,4.4,4.27,17319371.0,74413600.0
2005-04-12,4.3,4.3,4.31,4.25,2482407.0,10632024.0
2005-04-13,4.3,4.31,4.39,4.3,3156697.0,13690994.0
2005-04-14,4.33,4.34,4.36,4.28,2667792.0,11522550.0
2005-04-15,4.34,4.37,4.37,4.3,1435778.0,6229836.0
2005-04-18,4.37,4.28,4.37,4.26,1228743.0,5273536.0
2005-04-19,4.26,4.28,4.32,4.25,766869.0,3295951.0
2005-04-20,4.28,4.27,4.29,4.24,1039202.0,4430544.0
2005-04-21,4.24,4.46,4.47,4.24,7608958.0,33139966.0
2005-04-22,4.43,4.4,4.53,4.39,3086834.0,13827448.0
2005-04-25,4.34,4.41,4.41,4.34,3549027.0,15557239.0
2005-04-26,4.41,4.48,4.51,4.35,5725523.0,25397559.0
2005-04-27,4.49,4.44,4.53,4.44,3218789.0,14488024.0
2005-04-28,4.44,4.48,4.56,4.43,5011830.0,22572788.0
2005-04-29,4.44,4.51,4.52,4.43,1996900.0,8966667.0
2005-05-09,4.5,4.44,4.51,4.43,1921603.0,8562101.0
2005-05-10,4.43,4.32,4.43,4.19,6407956.0,27497979.0
2005-05-11,4.31,4.24,4.31,4.21,3401709.0,14482909.0
2005-05-12,4.21,4.22,4.26,4.1,3951508.0,16601783.0
2005-05-13,4.21,4.2,4.24,4.13,4942942.0,20718887.0
2005-05-16,4.2,4.19,4.26,4.15,3527356.0,14814212.0
2005-05-17,4.19,4.28,4.36,4.19,1711944.0,7293227.0
2005-05-18,4.28,4.28,4.28,4.28,0.0,0.0
2005-05-19,4.24,4.29,4.3,4.18,1592601.0,6723368.0
2005-05-20,4.29,4.29,4.3,4.25,309638.0,1324305.0
2005-05-23,4.28,4.31,4.36,4.22,895129.0,3794705.0
2005-05-24,4.27,4.11,4.28,4.09,5344872.0,22258339.0
2005-05-25,4.06,4.14,4.14,3.96,6334048.0,25465611.0
2005-05-26,4.11,3.99,4.11,3.98,3205271.0,12907323.0
2005-05-27,3.89,3.93,4.02,3.89,4036904.0,15840685.0
2005-05-30,3.86,3.94,3.98,3.77,5334890.0,20515365.0
2005-05-31,3.93,3.93,3.95,3.87,2252005.0,8851528.0
2005-06-01,3.87,3.94,3.95,3.87,4600575.0,17923040.0
2005-06-02,3.93,3.69,3.93,3.54,12359645.0,45012640.0
2005-06-03,3.63,3.78,3.81,3.58,1558202.0,5770994.0
2005-06-06,3.75,4.01,4.05,3.72,1746905.0,6847893.0
2005-06-07,3.96,3.96,4.15,3.94,2368131.0,9635679.0
2005-06-08,3.96,4.17,4.24,3.92,8223823.0,34289255.0
2005-06-09,4.12,4.27,4.3,4.11,7592684.0,31817014.0
2005-06-10,4.21,4.13,4.21,4.06,1701077.0,6985836.0
2005-06-13,4.12,4.09,4.12,4.05,552810.0,2260128.0
2005-06-14,4.08,3.99,4.11,3.9,1312162.0,5250684.0
2005-06-15,3.96,3.89,3.96,3.81,2345485.0,9108355.0
2005-06-16,3.89,3.99,3.99,3.83,2219822.0,8639634.0
2005-06-17,3.99,3.95,3.99,3.89,353955.0,1393098.0
2005-06-20,3.94,4.14,4.21,3.94,2276751.0,9402396.0
2005-06-21,4.15,4.12,4.15,4.07,333434.0,1369018.0
2005-06-22,4.13,4.19,4.19,4.07,2148581.0,8918209.0
2005-06-23,4.19,4.17,4.22,4.1,850138.0,3556890.0
2005-06-24,4.15,4.15,4.15,4.11,623543.0,2584241.0
2005-06-27,4.21,4.24,4.26,4.17,1570304.0,6636160.0
2005-06-28,4.24,4.3,4.32,4.13,1724953.0,7334135.0
2005-06-29,4.3,4.27,4.31,4.23,860104.0,3682201.0
2005-06-30,4.24,4.21,4.25,4.17,1211727.0,5081671.0
2005-07-01,4.21,4.2,4.21,4.16,743443.0,3113234.0
2005-07-04,4.16,4.2,4.21,4.1,387559.0,1618033.0
2005-07-05,4.28,4.23,4.33,4.19,357104.0,1510281.0
2005-07-06,4.31,4.2,4.31,4.17,577343.0,2430951.0
2005-07-07,4.08,4.25,4.26,4.08,2143118.0,9091784.0
2005-07-08,4.24,4.23,4.25,4.18,515803.0,2172405.0
2005-07-11,4.26,4.22,4.33,4.21,457267.0,1937358.0
2005-07-12,4.24,4.27,4.28,4.22,946036.0,4029085.0
2005-07-13,4.27,4.27,4.29,4.26,497023.0,2124021.0
2005-07-14,4.26,4.33,4.35,4.26,2624816.0,11353504.0
2005-07-15,4.33,4.32,4.35,4.32,705597.0,3062780.0
2005-07-18,4.32,4.32,4.35,4.27,279758.0,1211114.0
2005-07-19,4.33,4.3,4.33,4.3,216252.0,933796.0
2005-07-20,4.3,4.34,4.35,4.26,1797862.0,7744537.0
2005-07-21,4.27,4.35,4.35,4.27,496517.0,2153099.0
2005-07-22,4.35,4.37,4.43,4.35,2611530.0,11480081.0
2005-07-25,4.37,4.43,4.45,4.33,1613152.0,7075556.0
2005-07-26,4.43,4.43,4.46,4.4,1270333.0,5645019.0
2005-07-27,4.45,4.46,4.5,4.44,1558271.0,6959221.0
2005-07-28,4.46,4.41,4.48,4.41,981246.0,4362733.0
2005-07-29,4.41,4.37,4.41,4.32,2237209.0,9752009.0
2005-08-01,4.35,4.38,4.41,4.32,1131484.0,4947338.0
2005-08-02,4.38,4.39,4.41,4.36,711594.0,3128878.0
2005-08-03,4.41,4.42,4.44,4.39,2709762.0,11957444.0
2005-08-04,4.4,4.37,4.41,4.37,833300.0,3655636.0
2005-08-05,4.41,4.46,4.46,4.38,2108013.0,9309600.0
2005-08-08,4.46,4.31,4.46,4.26,11041045.0,47623579.0
2005-08-09,4.32,4.27,4.34,4.21,2726127.0,11609227.0
2005-08-10,4.27,4.3,4.3,4.22,3010331.0,12767111.0
2005-08-11,4.28,4.36,4.37,4.28,3642158.0,15798518.0
2005-08-12,4.37,4.26,4.46,4.26,4569558.0,19874679.0
2005-08-15,4.26,4.33,4.33,4.22,4212440.0,18069806.0
2005-08-16,4.34,4.28,4.39,4.24,1546820.0,6611283.0
2005-08-17,4.28,4.32,4.33,4.26,1959587.0,8425505.0
2005-08-18,4.32,4.33,4.41,4.3,8530449.0,37308843.0
2005-08-19,4.35,4.35,4.38,4.32,5118532.0,22282423.0
2005-08-22,4.35,4.36,4.37,4.33,918761.0,3998294.0
2005-08-23,4.36,4.38,4.4,4.36,1471146.0,6444547.0
2005-08-24,4.39,4.42,4.44,4.39,1673426.0,7390021.0
2005-08-25,4.44,4.39,4.45,4.39,737204.0,3241279.0
2005-08-26,4.39,4.42,4.42,4.35,934842.0,4107519.0
2005-08-29,4.4,4.4,4.44,4.36,1843279.0,8102381.0
2005-08-30,4.37,4.37,4.38,4.34,795321.0,3465009.0
2005-08-31,4.32,4.49,4.5,4.32,3939753.0,17509557.0
2005-09-01,4.48,4.53,4.55,4.48,4527932.0,20481330.0
2005-09-02,4.51,4.49,4.55,4.49,879227.0,3971002.0
2005-09-05,4.49,4.49,4.51,4.46,1138415.0,5111496.0
2005-09-06,4.48,4.42,4.49,4.4,1093903.0,4874275.0
2005-09-07,4.42,4.46,4.48,4.41,2029705.0,9032083.0
2005-09-08,4.45,4.51,4.6,4.44,4932105.0,22413113.0
2005-09-09,4.51,4.57,4.58,4.46,1131659.0,5114260.0
2005-09-12,4.55,4.55,4.57,4.5,2230261.0,10120279.0
2005-09-13,4.56,4.72,4.73,4.53,10257594.0,47829820.0
2005-09-14,4.74,4.72,4.75,4.65,3217197.0,15093607.0
2005-09-15,4.74,4.67,4.74,4.64,774008.0,3617679.0
2005-09-16,4.67,4.58,4.67,4.58,1584209.0,7305967.0
2005-09-19,4.61,4.7,4.71,4.6,3736752.0,17522360.0
2005-09-20,4.71,4.65,4.71,4.6,2899517.0,13493115.0
2005-09-21,4.65,4.54,4.65,4.54,2413652.0,11082160.0
2005-09-22,4.52,4.46,4.57,4.44,2007139.0,9000094.0
2005-09-23,4.45,4.49,4.53,4.45,2114573.0,9508214.0
2005-09-26,4.55,4.55,4.56,4.46,3026879.0,13749134.0
2005-09-27,4.53,4.53,4.61,4.51,2531913.0,11520486.0
2005-09-28,4.58,4.46,4.58,4.45,1106262.0,4952596.0
2005-09-29,4.45,4.52,4.52,4.42,1775383.0,7930658.0
2005-09-30,4.52,4.35,4.52,4.34,5021331.0,22067067.0
2005-10-10,4.35,4.33,4.38,4.32,2090897.0,9100519.0
2005-10-11,4.33,4.46,4.46,4.3,1602945.0,7070811.0
2005-10-12,4.46,4.55,4.57,4.43,2457265.0,10988964.0
2005-10-13,4.51,4.49,4.53,4.45,5021719.0,22452513.0
2005-10-14,4.48,4.67,4.67,4.48,13162225.0,60387170.0
2005-10-17,4.67,4.67,4.67,4.67,0.0,0.0
2005-10-18,4.67,4.67,4.67,4.67,0.0,0.0
2005-10-19,4.67,4.67,4.67,4.67,0.0,0.0
2005-10-20,4.67,4.67,4.67,4.67,0.0,0.0
2005-10-21,4.67,4.67,4.67,4.67,0.0,0.0
2005-10-24,4.67,4.67,4.67,4.67,0.0,0.0
2005-10-25,4.67,4.67,4.67,4.67,0.0,0.0
2005-10-26,4.67,4.67,4.67,4.67,0.0,0.0
2005-10-27,4.55,4.56,4.6,4.46,21241203.0,96258869.0
2005-10-28,4.55,4.51,4.56,4.44,8037579.0,36175094.0
2005-10-31,4.5,4.59,4.64,4.5,3972382.0,18156098.0
2005-11-01,4.54,4.6,4.63,4.53,2183040.0,9966110.0
2005-11-02,4.61,4.62,4.64,4.58,475741.0,2198790.0
2005-11-03,4.63,4.6,4.63,4.58,761225.0,3490513.0
2005-11-04,4.37,4.6,4.62,4.37,3076187.0,14085586.0
2005-11-07,4.53,4.58,4.58,4.5,2864997.0,13094522.0
2005-11-08,4.55,4.53,4.59,4.53,2175839.0,9934825.0
2005-11-09,4.52,4.58,4.58,4.52,3561850.0,16290273.0
2005-11-10,4.58,4.56,4.58,4.55,3864974.0,17681903.0
2005-11-11,4.56,4.56,4.56,4.56,0.0,0.0
2005-11-14,4.56,4.56,4.56,4.56,0.0,0.0
2005-11-15,4.56,4.56,4.56,4.56,0.0,0.0
2005-11-16,4.56,4.56,4.56,4.56,0.0,0.0
2005-11-17,4.56,4.56,4.56,4.56,0.0,0.0
2005-11-18,4.56,4.56,4.56,4.56,0.0,0.0
2005-11-21,4.56,4.56,4.56,4.56,0.0,0.0
2005-11-22,4.56,4.56,4.56,4.56,0.0,0.0
2005-11-23,4.56,4.56,4.56,4.56,0.0,0.0
2005-11-24,4.56,4.56,4.56,4.56,0.0,0.0
2005-11-25,4.56,4.56,4.56,4.56,0.0,0.0
2005-11-28,4.56,4.56,4.56,4.56,0.0,0.0
2005-11-29,4.56,4.56,4.56,4.56,0.0,0.0
2005-11-30,4.54,4.41,4.6,4.37,2257756.0,10005423.0
2005-12-01,4.41,4.31,4.44,4.28,3133862.0,13626710.0
2005-12-02,4.35,4.21,4.38,4.15,5230557.0,22286676.0
2005-12-05,4.2,4.12,4.21,3.96,8684210.0,34979359.0
2005-12-06,3.99,4.01,4.09,3.96,7188515.0,28801908.0
2005-12-07,4.02,4.02,4.09,4.01,2472811.0,9966550.0
2005-12-08,4.01,3.97,4.03,3.96,3937871.0,15711765.0
2005-12-09,3.97,4.03,4.06,3.95,3405981.0,13662887.0
2005-12-12,4.06,3.89,4.06,3.89,7690357.0,30355949.0
2005-12-13,3.92,3.87,3.92,3.82,6101455.0,23518079.0
2005-12-14,3.87,3.99,4.03,3.86,7375375.0,29066179.0
2005-12-15,4.0,3.95,4.01,3.91,10650891.0,42002951.0
2005-12-16,3.95,3.89,3.95,3.86,9498675.0,36863366.0
2005-12-19,3.89,3.98,3.99,3.89,4997375.0,19691846.0
2005-12-20,3.98,4.05,4.06,3.98,5651202.0,22704840.0
2005-12-21,4.05,4.01,4.06,3.97,5746559.0,23061805.0
2005-12-22,4.01,4.04,4.05,3.98,2492671.0,10024083.0
2005-12-23,4.05,4.1,4.13,4.04,6790893.0,27759069.0
2005-12-26,4.07,4.02,4.11,3.97,14904800.0,59778188.0
2005-12-27,4.03,3.97,4.03,3.93,7896822.0,31281912.0
2005-12-28,3.98,3.97,3.99,3.86,18429168.0,71685750.0
2005-12-29,3.94,3.98,3.99,3.91,13588716.0,53703969.0
2005-12-30,4.06,3.98,4.06,3.97,12624038.0,50459708.0
2006-01-04,4.0,3.97,4.03,3.94,11842859.0,47063403.0
2006-01-05,3.97,4.0,4.01,3.89,25571871.0,100515906.0
2006-01-06,4.0,4.13,4.18,3.97,26972621.0,109691864.0
2006-01-09,4.13,4.18,4.18,4.09,15508824.0,64152689.0
2006-01-10,4.16,4.09,4.16,4.07,14822932.0,60669590.0
2006-01-11,4.09,4.03,4.09,3.96,21468781.0,86116894.0
2006-01-12,4.04,4.0,4.04,3.93,19662014.0,77937553.0
2006-01-13,4.0,3.99,4.07,3.97,16351813.0,65695756.0
2006-01-16,4.03,4.05,4.09,4.02,19968945.0,81133247.0
2006-01-17,4.01,3.95,4.02,3.92,19065022.0,75069526.0
2006-01-18,3.94,3.92,3.96,3.91,20879728.0,82170958.0
2006-01-19,3.93,3.89,3.97,3.86,25079483.0,97728778.0
2006-01-20,3.9,3.79,3.91,3.75,30243804.0,115097217.0
2006-01-23,3.76,3.81,3.86,3.75,14322988.0,54761736.0
2006-01-24,3.81,3.83,3.86,3.8,9891803.0,37769653.0
2006-01-25,3.83,3.79,3.86,3.77,12520444.0,47556245.0
2006-02-06,3.8,3.87,3.88,3.77,22695836.0,86819615.0
2006-02-07,3.87,3.81,3.89,3.8,15215683.0,58330362.0
2006-02-08,3.81,3.93,3.96,3.79,26517095.0,103447490.0
2006-02-09,3.93,4.05,4.14,3.92,48433840.0,196788625.0
2006-02-10,4.05,4.04,4.08,4.01,11587612.0,46845892.0
2006-02-13,4.06,4.14,4.16,4.06,24913106.0,102890818.0
2006-02-14,4.14,4.14,4.2,4.11,14828625.0,61581086.0
2006-02-15,4.16,4.05,4.18,4.03,20064638.0,81883775.0
2006-02-16,4.05,3.93,4.08,3.89,24408172.0,96216091.0
2006-02-17,3.93,3.94,3.97,3.87,10067193.0,39457091.0
2006-02-20,3.93,3.9,3.93,3.87,6523467.0,25428842.0
2006-02-21,3.89,3.89,3.9,3.8,12177521.0,46780479.0
2006-02-22,3.89,3.88,3.96,3.88,10077125.0,39454358.0
2006-02-23,3.88,3.83,3.88,3.8,15183909.0,58044780.0
2006-02-24,3.83,3.89,3.9,3.83,13304564.0,51489200.0
2006-02-27,3.92,3.91,3.94,3.88,7708201.0,30099870.0
2006-02-28,3.9,3.93,3.95,3.85,6453730.0,25100087.0
2006-03-01,3.93,4.0,4.05,3.91,17071330.0,68249854.0
2006-03-02,4.0,3.95,4.03,3.94,14779504.0,58725032.0
2006-03-03,3.94,4.0,4.01,3.9,11644171.0,46245347.0
2006-03-06,4.01,3.97,4.04,3.95,7598638.0,30386629.0
2006-03-07,3.97,3.86,3.97,3.85,9365348.0,36412769.0
2006-03-08,3.83,3.86,3.89,3.82,7326469.0,28179516.0
2006-03-09,3.86,3.87,3.9,3.85,5423364.0,21000202.0
2006-03-10,3.88,3.84,3.91,3.83,6252822.0,24116846.0
2006-03-13,3.84,3.89,3.9,3.82,8475750.0,32710287.0
2006-03-14,3.89,3.85,3.89,3.84,6226234.0,24032980.0
2006-03-15,3.85,3.91,3.93,3.85,6573508.0,25529900.0
2006-03-16,3.92,3.89,3.95,3.89,6204504.0,24284267.0
2006-03-17,3.89,3.87,3.91,3.83,5113127.0,19753397.0
2006-03-20,3.87,3.87,3.89,3.84,6263991.0,24184489.0
2006-03-21,3.88,3.83,3.89,3.83,13386187.0,51507790.0
2006-03-22,3.83,3.82,3.85,3.79,17116531.0,65227690.0
2006-03-23,3.82,3.85,3.88,3.82,14037826.0,54104288.0
2006-03-24,3.88,3.94,4.01,3.86,35190999.0,139110132.0
2006-03-27,3.94,4.01,4.06,3.93,30807482.0,123477729.0
2006-03-28,3.95,3.93,4.02,3.91,19793608.0,77993073.0
2006-03-29,3.93,3.91,3.97,3.89,17368206.0,68080890.0
2006-03-30,3.91,3.83,3.91,3.82,16835139.0,64993788.0
2006-03-31,3.83,3.86,3.87,3.8,14950616.0,57172342.0
2006-04-03,3.86,3.92,3.94,3.81,17679572.0,68245382.0
2006-04-04,3.92,3.89,3.92,3.83,15002037.0,58044277.0
2006-04-05,3.89,3.95,3.95,3.87,25179432.0,99047463.0
2006-04-06,3.95,3.91,3.97,3.9,19445090.0,76400974.0
2006-04-07,3.91,3.88,3.93,3.86,12301164.0,47703861.0
2006-04-10,3.89,3.95,3.98,3.86,26081950.0,102245756.0
2006-04-11,3.96,4.35,4.35,3.96,91344597.0,389535253.0
2006-04-12,4.41,4.3,4.47,4.28,52876047.0,231643355.0
2006-04-13,4.29,4.07,4.3,4.06,33801778.0,140795516.0
2006-04-14,4.05,4.21,4.25,4.03,35064197.0,145366404.0
2006-04-17,4.2,4.33,4.54,4.14,44119864.0,192806341.0
2006-04-18,4.34,4.31,4.4,4.25,20546727.0,88650385.0
2006-04-19,4.34,4.36,4.4,4.25,27104484.0,117220356.0
2006-04-20,4.38,4.59,4.69,4.37,73615197.0,333075895.0
2006-04-21,4.59,4.64,4.68,4.52,49301225.0,227286683.0
2006-04-24,4.66,4.54,4.79,4.52,41388786.0,190998933.0
2006-04-25,4.49,4.35,4.49,4.29,36751507.0,160986215.0
2006-04-26,4.32,4.42,4.48,4.25,37881140.0,165957443.0
2006-04-27,4.35,4.28,4.4,4.27,26762812.0,115318585.0
2006-04-28,4.23,4.35,4.44,4.19,24588817.0,106010581.0
2006-05-08,4.38,4.47,4.53,4.33,35801177.0,159114313.0
2006-05-09,4.47,4.55,4.57,4.44,39362268.0,177381350.0
2006-05-10,4.58,4.89,5.0,4.56,64664113.0,309947502.0
2006-05-11,4.86,4.6,4.95,4.58,46239575.0,221683209.0
2006-05-12,4.55,4.83,4.9,4.52,43689412.0,208919422.0
2006-05-15,4.86,4.98,5.07,4.75,48559342.0,238777795.0
2006-05-16,4.97,4.65,4.97,4.61,44656806.0,214317126.0
2006-05-17,4.66,4.62,4.74,4.54,26532357.0,122784378.0
2006-05-18,4.58,4.57,4.61,4.47,23182958.0,105289731.0
2006-05-19,4.58,4.68,4.69,4.52,23753897.0,110427591.0
2006-05-22,4.69,4.7,4.81,4.64,25165450.0,118505018.0
2006-05-23,4.66,4.44,4.66,4.44,24215001.0,109362220.0
2006-05-24,4.44,4.31,4.52,4.28,21807360.0,95001740.0
2006-05-25,4.31,4.36,4.41,4.29,13968428.0,60449147.0
2006-05-26,4.36,4.36,4.36,4.36,0.0,0.0
2006-05-29,4.43,4.5,4.5,4.35,19792378.0,87812460.0
2006-05-30,4.49,4.54,4.61,4.46,17688567.0,80445726.0
2006-05-31,4.54,4.48,4.54,4.38,17495316.0,78057337.0
2006-06-01,4.45,4.53,4.57,4.38,17921997.0,80843024.0
2006-06-02,4.53,4.69,4.71,4.53,37830515.0,175282802.0
2006-06-05,4.71,4.69,4.82,4.61,23900239.0,112625305.0
2006-06-06,4.69,4.74,4.74,4.62,22732747.0,106195285.0
2006-06-07,4.8,4.44,4.83,4.44,30732621.0,142934781.0
2006-06-08,4.41,4.39,4.43,4.32,17437535.0,76076330.0
2006-06-09,4.39,4.34,4.46,4.34,12562814.0,55153027.0
2006-06-12,4.34,4.41,4.45,4.29,9885037.0,43264692.0
2006-06-13,4.41,4.37,4.46,4.34,6363279.0,28011941.0
2006-06-14,4.37,4.39,4.4,4.3,5818854.0,25310341.0
2006-06-15,4.37,4.45,4.48,4.35,12344002.0,54737010.0
2006-06-16,4.45,4.5,4.52,4.44,13952083.0,62621729.0
2006-06-19,4.49,4.58,4.66,4.42,16363737.0,74633499.0
2006-06-20,4.58,4.56,4.65,4.53,11411513.0,52296608.0
2006-06-21,4.56,4.53,4.57,4.48,11003596.0,49783725.0
2006-06-22,4.54,4.49,4.58,4.48,7291686.0,33004739.0
2006-06-23,4.49,4.47,4.51,4.43,8180313.0,36483198.0
2006-06-26,4.49,4.6,4.6,4.49,18724881.0,85516709.0
2006-06-27,4.59,4.55,4.62,4.52,12363010.0,56204476.0
2006-06-28,4.54,4.66,4.69,4.53,20637251.0,95593585.0
2006-06-29,4.67,4.73,4.75,4.64,28205572.0,132610369.0
2006-06-30,4.74,4.68,4.75,4.64,15649776.0,73203793.0
2006-07-03,4.68,4.7,4.73,4.66,15769645.0,74017760.0
2006-07-04,4.7,4.73,4.86,4.7,25929916.0,123824580.0
2006-07-05,4.73,4.64,4.73,4.56,14047992.0,65246607.0
2006-07-06,4.63,4.73,4.77,4.61,11974673.0,56414442.0
2006-07-07,4.75,4.69,4.85,4.68,11495607.0,54789688.0
2006-07-10,4.69,4.7,4.72,4.62,9280538.0,43156948.0
2006-07-11,4.72,4.78,4.79,4.66,15311554.0,72781555.0
2006-07-12,4.78,4.71,4.79,4.7,8108962.0,38264897.0
2006-07-13,4.71,4.41,4.71,4.4,21027726.0,95475198.0
2006-07-14,4.4,4.48,4.54,4.36,14486062.0,64710162.0
2006-07-17,4.44,4.51,4.52,4.44,5928068.0,26604410.0
2006-07-18,4.51,4.52,4.53,4.48,6604733.0,29732304.0
2006-07-19,4.53,4.45,4.58,4.44,7014083.0,31611489.0
2006-07-20,4.46,4.52,4.52,4.45,6824923.0,30555616.0
2006-07-21,4.54,4.54,4.57,4.49,3628542.0,16397255.0
2006-07-24,4.48,4.57,4.61,4.43,5390091.0,24492963.0
2006-07-25,4.58,4.64,4.7,4.58,8320424.0,38554583.0
2006-07-26,4.63,4.62,4.67,4.6,8602168.0,39858017.0
2006-07-27,4.62,4.57,4.65,4.51,7681680.0,35198566.0
2006-07-28,4.54,4.52,4.57,4.47,7358679.0,33206830.0
2006-07-31,4.51,4.52,4.54,4.42,7452635.0,33350138.0
2006-08-01,4.45,4.45,4.53,4.44,6007626.0,26756357.0
2006-08-02,4.45,4.33,4.46,4.28,7347684.0,31954709.0
2006-08-03,4.36,4.28,4.36,4.27,5046744.0,21767939.0
2006-08-04,4.28,4.16,4.36,4.12,8379782.0,35731072.0
2006-08-07,4.16,4.14,4.19,4.07,4499253.0,18583843.0
2006-08-08,4.17,4.23,4.23,4.14,3298407.0,13878116.0
2006-08-09,4.21,4.25,4.28,4.2,2686920.0,11412408.0
2006-08-10,4.25,4.33,4.35,4.19,8699620.0,37105525.0
2006-08-11,4.3,4.33,4.38,4.26,7302559.0,31555441.0
2006-08-14,4.33,4.23,4.37,4.22,5555521.0,23970944.0
2006-08-15,4.21,4.26,4.27,4.19,2888721.0,12242170.0
2006-08-16,4.26,4.47,4.51,4.25,16259963.0,72045248.0
2006-08-17,4.45,4.4,4.45,4.38,6253263.0,27524379.0
2006-08-18,4.39,4.57,4.63,4.37,16312476.0,73952566.0
2006-08-21,4.42,4.59,4.62,4.39,9228215.0,42076268.0
2006-08-22,4.61,4.57,4.64,4.55,8682450.0,39844926.0
2006-08-23,4.55,4.52,4.59,4.51,5826435.0,26531135.0
2006-08-24,4.5,4.55,4.59,4.45,4865409.0,22149738.0
2006-08-25,4.55,4.49,4.57,4.47,4059705.0,18306269.0
2006-08-28,4.49,4.61,4.63,4.47,10945348.0,49958407.0
2006-08-29,4.6,4.6,4.65,4.57,9854544.0,45535602.0
2006-08-30,4.6,4.66,4.71,4.57,9466065.0,44112957.0
2006-08-31,4.66,4.63,4.67,4.62,3989485.0,18536130.0
2006-09-01,4.64,4.51,4.66,4.49,6494139.0,29450811.0
2006-09-04,4.51,4.6,4.62,4.48,3933458.0,17973272.0
2006-09-05,4.58,4.53,4.65,4.53,5084394.0,23124690.0
2006-09-06,4.52,4.55,4.56,4.51,4431533.0,20096832.0
2006-09-07,4.53,4.55,4.55,4.51,4267059.0,19370848.0
2006-09-08,4.55,4.58,4.6,4.49,3135476.0,14242814.0
2006-09-11,4.58,4.62,4.67,4.58,5958740.0,27576038.0
2006-09-12,4.64,4.62,4.67,4.6,5276036.0,24457783.0
2006-09-13,4.61,4.61,4.73,4.61,12225676.0,57139325.0
2006-09-14,4.64,4.57,4.64,4.53,4039743.0,18476006.0
2006-09-15,4.57,4.61,4.65,4.54,7459239.0,34393880.0
2006-09-18,4.63,4.64,4.72,4.42,7189546.0,33403661.0
2006-09-19,4.63,4.7,4.71,4.6,9237790.0,43120072.0
2006-09-20,4.68,4.71,4.77,4.67,10602791.0,50225429.0
2006-09-21,4.74,4.65,4.77,4.62,12665548.0,59171617.0
2006-09-22,4.62,4.56,4.67,4.54,9214243.0,42520622.0
2006-09-25,4.56,4.64,4.7,4.53,5531513.0,25378407.0
2006-09-26,4.65,4.55,4.65,4.53,4224856.0,19331937.0
2006-09-27,4.53,4.54,4.58,4.52,5316018.0,24144630.0
2006-09-28,4.53,4.55,4.58,4.53,9914326.0,45148404.0
2006-09-29,4.57,4.56,4.61,4.52,13399008.0,60958957.0
2006-10-09,4.58,4.71,4.72,4.57,28639638.0,132824394.0
2006-10-10,4.71,4.62,4.71,4.6,17845957.0,83009191.0
2006-10-11,4.64,4.56,4.67,4.54,14164706.0,64765488.0
2006-10-12,4.55,4.42,4.55,4.4,17738658.0,79320964.0
2006-10-13,4.44,4.38,4.47,4.35,26792246.0,117592271.0
2006-10-16,4.39,4.4,4.44,4.36,11883277.0,52149940.0
2006-10-17,4.41,4.34,4.42,4.33,12230809.0,53333336.0
2006-10-18,4.36,4.37,4.41,4.34,15606253.0,68162356.0
2006-10-19,4.39,4.42,4.45,4.38,11980740.0,52841367.0
2006-10-20,4.42,4.36,4.44,4.33,16496400.0,72037821.0
2006-10-23,4.36,4.23,4.36,4.19,20703777.0,88141865.0
2006-10-24,4.25,4.36,4.36,4.25,10927580.0,46948901.0
2006-10-25,4.36,4.36,4.44,4.33,11422581.0,50012770.0
2006-10-26,4.37,4.31,4.37,4.25,13745628.0,58838009.0
2006-10-27,4.31,4.28,4.31,4.25,6790711.0,28995114.0
2006-10-30,4.26,4.25,4.29,4.19,13129954.0,55442697.0
2006-10-31,4.24,4.29,4.3,4.2,10323481.0,43705693.0
2006-11-01,4.29,4.29,4.32,4.23,6729733.0,28819869.0
2006-11-02,4.29,4.33,4.33,4.27,7380339.0,31749412.0
2006-11-03,4.33,4.36,4.38,4.33,13210020.0,57582573.0
2006-11-06,4.35,4.37,4.42,4.33,10796998.0,47358722.0
2006-11-07,4.39,4.33,4.42,4.32,9973959.0,43453233.0
2006-11-08,4.35,4.28,4.35,4.25,5793041.0,24796217.0
2006-11-09,4.28,4.29,4.31,4.26,5577611.0,23920515.0
2006-11-10,4.3,4.25,4.35,4.23,7222352.0,30918737.0
2006-11-13,4.23,4.14,4.29,4.12,10633730.0,44335088.0
2006-11-14,4.14,4.29,4.3,4.13,9280512.0,39211129.0
2006-11-15,4.26,4.32,4.34,4.26,8011990.0,34526315.0
2006-11-16,4.33,4.47,4.49,4.27,35290119.0,155195629.0
2006-11-17,4.48,4.46,4.49,4.39,21282159.0,94866142.0
2006-11-20,4.46,4.46,4.53,4.4,18112347.0,81229402.0
2006-11-21,4.46,4.4,4.46,4.33,17435378.0,76163206.0
2006-11-22,4.44,4.43,4.5,4.41,13574168.0,60397679.0
2006-11-23,4.42,4.45,4.51,4.42,12664362.0,56643341.0
2006-11-24,4.43,4.37,4.45,4.35,12246549.0,53709081.0
2006-11-27,4.4,4.43,4.45,4.39,7255853.0,32064596.0
2006-11-28,4.44,4.42,4.46,4.38,7804247.0,34460480.0
2006-11-29,4.38,4.62,4.68,4.36,43907728.0,200884683.0
2006-11-30,4.6,4.62,4.72,4.57,27004482.0,125860345.0
2006-12-01,4.62,4.87,4.94,4.57,37458422.0,177786428.0
2006-12-04,4.8,4.86,4.94,4.8,24225298.0,117997998.0
2006-12-05,4.89,4.87,4.93,4.82,17543671.0,85394413.0
2006-12-06,4.82,4.68,4.86,4.6,25036087.0,117236184.0
2006-12-07,4.63,4.65,4.74,4.61,30561804.0,142783288.0
2006-12-08,4.6,4.53,4.69,4.53,17043829.0,78534049.0
2006-12-11,4.54,4.68,4.68,4.54,25708910.0,119010135.0
2006-12-12,4.71,4.97,5.08,4.68,51716420.0,252683897.0
2006-12-13,4.94,4.85,4.99,4.83,20410075.0,99908931.0
2006-12-14,4.89,5.06,5.16,4.89,36685744.0,186642565.0
2006-12-15,5.06,5.15,5.24,5.0,29465829.0,151918187.0
2006-12-18,5.17,5.29,5.4,5.06,30829129.0,163153999.0
2006-12-19,5.29,5.26,5.36,5.15,25159559.0,131502236.0
2006-12-20,5.24,5.34,5.35,5.15,13476969.0,70472800.0
2006-12-21,5.35,5.17,5.35,5.16,14534737.0,76168756.0
2006-12-22,5.11,5.13,5.16,5.05,10623578.0,54305533.0
2006-12-25,5.13,5.15,5.29,5.12,14828985.0,76803415.0
2006-12-26,5.13,5.04,5.14,5.0,13664197.0,69000157.0
2006-12-27,5.02,5.02,5.11,4.98,9724134.0,48959725.0
2006-12-28,5.08,4.87,5.08,4.84,21907223.0,108239333.0
2006-12-29,4.87,5.0,5.1,4.87,17337791.0,86337524.0
2007-01-04,5.0,5.29,5.31,4.98,50831623.0,261509171.0
2007-01-05,5.29,5.65,5.73,5.21,37434575.0,208029138.0
2007-01-08,5.63,5.9,6.22,5.63,30539353.0,181580193.0
2007-01-09,5.9,5.96,6.06,5.85,21618878.0,128848936.0
2007-01-10,5.96,6.05,6.06,5.78,19095824.0,113022666.0
2007-01-11,6.02,5.91,6.2,5.88,14329714.0,86076303.0
2007-01-12,5.89,5.82,5.96,5.79,14664655.0,85612631.0
2007-01-15,5.82,6.4,6.4,5.82,33618111.0,212545725.0
2007-01-16,6.65,6.86,6.98,6.55,32915869.0,223908381.0
2007-01-17,6.86,6.82,7.13,6.66,27952791.0,193132741.0
2007-01-18,6.75,7.22,7.26,6.69,27572498.0,191608599.0
2007-01-19,7.27,7.29,7.61,7.13,32271851.0,237403252.0
2007-01-22,7.33,7.35,7.52,7.18,23221901.0,170213216.0
2007-01-23,7.32,7.05,7.32,6.87,32026193.0,227626720.0
2007-01-24,7.05,7.06,7.21,6.88,19523243.0,137344745.0
2007-01-25,7.01,6.84,7.17,6.75,24886916.0,173175631.0
2007-01-26,6.77,6.84,6.86,6.43,16992213.0,112617826.0
2007-01-29,6.84,6.96,7.09,6.78,15108683.0,104972565.0
2007-01-30,6.96,6.96,7.23,6.88,16245303.0,114388825.0
2007-01-31,6.89,6.39,6.96,6.34,14369740.0,95641400.0
2007-02-01,6.37,6.31,6.52,6.13,14205905.0,89383328.0
2007-02-02,6.34,6.12,6.49,6.1,10197115.0,63899259.0
2007-02-05,6.07,6.03,6.14,6.01,12486723.0,75547720.0
2007-02-06,6.02,6.05,6.16,5.8,22084078.0,130657151.0
2007-02-07,6.11,6.29,6.33,6.11,14799913.0,92535492.0
2007-02-08,6.34,6.33,6.45,6.17,8429009.0,53346973.0
2007-02-09,6.33,6.34,6.39,6.23,7751074.0,49134729.0
2007-02-12,6.33,6.51,6.57,6.28,9873423.0,63989052.0
2007-02-13,6.57,6.51,6.67,6.42,12483580.0,81518250.0
2007-02-14,6.47,6.89,6.91,6.43,19688903.0,131283721.0
2007-02-15,6.89,7.4,7.46,6.84,36348839.0,263802743.0
2007-02-16,7.44,7.3,7.51,7.27,16475314.0,122123573.0
2007-02-26,7.28,7.23,7.28,7.04,10376053.0,74460549.0
2007-02-27,7.34,6.51,7.4,6.51,18404071.0,126651020.0
2007-02-28,6.26,6.61,6.8,6.26,16085831.0,105523523.0
2007-03-01,6.62,6.22,6.65,6.1,18660487.0,117503487.0
2007-03-02,6.22,6.36,6.41,6.22,12933144.0,81964657.0
2007-03-05,6.36,6.38,6.44,6.11,10872148.0,68583171.0
2007-03-06,6.38,6.51,6.54,6.26,17723077.0,113077968.0
2007-03-07,6.51,6.65,6.72,6.45,8747850.0,58128023.0
2007-03-08,6.65,6.7,6.73,6.52,8035520.0,53407450.0
2007-03-09,6.7,6.6,6.74,6.54,9793735.0,64688849.0
2007-03-12,6.55,6.51,6.6,6.43,7992905.0,52013634.0
2007-03-13,6.52,6.73,6.84,6.52,11677897.0,78595607.0
2007-03-14,6.68,6.56,6.68,6.4,6369501.0,41834616.0
2007-03-15,6.43,6.77,6.83,6.43,13942090.0,93878962.0
2007-03-16,6.79,6.51,6.81,6.47,11703070.0,77475505.0
2007-03-19,6.25,6.63,6.72,6.22,8749156.0,57389273.0
2007-03-20,6.63,6.49,6.66,6.37,25146388.0,162244653.0
2007-03-21,6.49,6.37,6.49,6.24,29193227.0,184873935.0
2007-03-22,6.45,6.4,6.48,6.38,25324044.0,162812444.0
2007-03-23,6.47,6.54,6.57,6.4,23697525.0,153891525.0
2007-03-26,6.57,6.75,6.8,6.57,24087710.0,161712585.0
2007-03-27,6.54,6.57,6.69,6.4,31643524.0,207618388.0
2007-03-28,6.55,6.39,6.57,6.24,29202940.0,186120979.0
2007-03-29,6.37,6.4,6.55,6.28,24972906.0,160850768.0
2007-03-30,6.4,6.29,6.45,6.27,14941634.0,94692809.0
2007-04-02,6.39,6.36,6.39,6.28,11949399.0,75697097.0
2007-04-03,6.37,6.52,6.54,6.36,22884766.0,147470130.0
2007-04-04,6.52,6.53,6.63,6.46,22111820.0,144932449.0
2007-04-05,6.53,6.66,6.76,6.5,29227880.0,194059670.0
2007-04-06,6.65,6.84,7.0,6.6,29616534.0,202373505.0
2007-04-09,6.84,6.85,7.01,6.81,24111793.0,166236662.0
2007-04-10,6.82,6.7,6.86,6.54,32423168.0,216389284.0
2007-04-11,6.7,6.85,6.88,6.55,29783467.0,199138774.0
2007-04-12,6.84,7.54,7.54,6.75,69099842.0,495667330.0
2007-04-13,7.8,8.29,8.29,7.8,33199377.0,270190583.0
2007-04-16,8.73,8.49,8.98,8.2,54461155.0,458572033.0
2007-04-17,8.45,8.92,9.19,8.45,63482830.0,555553407.0
2007-04-18,8.93,8.85,9.05,8.59,19868086.0,175365885.0
2007-04-19,8.7,8.29,8.7,8.2,31457545.0,265314169.0
2007-04-20,8.3,8.73,8.78,8.3,15583775.0,134299451.0
2007-04-23,8.78,9.03,9.05,8.63,24152703.0,214603701.0
2007-04-24,9.02,9.74,9.8,8.97,29108509.0,276045644.0
2007-04-25,9.54,9.6,9.96,9.42,14163152.0,136822805.0
2007-04-26,9.58,9.48,9.66,9.36,7978510.0,76039484.0
2007-04-27,9.42,9.25,9.42,8.99,9849937.0,90342736.0
2007-04-30,9.16,9.76,9.94,9.16,20106214.0,192482815.0
2007-05-08,9.87,9.6,9.89,9.31,25146381.0,246102255.0
2007-05-09,9.6,9.23,9.6,8.88,18663437.0,171264252.0
2007-05-10,9.22,9.07,9.22,8.87,15732757.0,141715286.0
2007-05-11,9.01,9.43,9.48,8.67,33246695.0,297743826.0
2007-05-14,8.96,9.39,9.45,8.96,18240463.0,169634790.0
2007-05-15,9.25,9.37,9.39,9.03,15486951.0,142651204.0
2007-05-16,9.31,9.91,10.01,8.87,28210465.0,270687429.0
2007-05-17,9.88,10.07,10.18,9.6,12310177.0,122192278.0
2007-05-18,10.07,10.07,10.07,10.07,0.0,0.0
2007-05-21,9.86,9.9,10.06,9.6,20122366.0,198000416.0
2007-05-22,9.89,9.94,10.15,9.71,16416915.0,162031257.0
2007-05-23,9.89,10.03,10.08,9.68,13296577.0,131270569.0
2007-05-24,9.99,10.11,10.47,9.86,20460976.0,209559791.0
2007-05-25,10.15,10.28,10.47,10.01,12224813.0,124703899.0
2007-05-28,10.33,10.65,10.72,10.33,11502596.0,121406187.0
2007-05-29,10.65,11.71,11.71,10.47,37959869.0,436035747.0
2007-05-30,10.88,11.43,12.61,10.88,47048594.0,553621677.0
2007-05-31,11.55,12.44,12.57,10.99,27626830.0,330931114.0
2007-06-01,12.39,11.65,13.09,11.63,20757239.0,258473434.0
2007-06-04,11.55,11.59,12.12,10.48,30155323.0,349528358.0
2007-06-05,11.34,11.64,11.87,10.76,19950768.0,227674320.0
2007-06-06,11.78,11.63,11.89,11.34,5945534.0,69124333.0
2007-06-07,11.73,12.8,12.8,11.73,10617984.0,131652058.0
2007-06-08,13.12,12.83,13.44,12.65,10656996.0,138366719.0
2007-06-11,12.74,12.77,12.94,12.71,8800985.0,112578649.0
2007-06-12,12.83,13.31,13.51,12.72,9790658.0,128403888.0
2007-06-13,13.32,13.1,13.51,13.02,12610449.0,165920064.0
2007-06-14,13.03,12.68,13.06,12.51,13386486.0,170533722.0
2007-06-15,12.46,12.56,12.88,12.27,10814721.0,135306084.0
2007-06-18,12.68,12.77,12.94,12.57,11545582.0,147529859.0
2007-06-19,12.77,12.61,12.77,12.59,6912488.0,87412909.0
2007-06-20,12.61,12.91,13.11,12.37,14565903.0,184811628.0
2007-06-21,12.8,13.16,13.35,12.65,10999305.0,144284696.0
2007-06-22,13.38,13.12,13.52,12.38,10613466.0,139872385.0
2007-06-25,13.0,12.5,13.18,12.43,8758105.0,112044784.0
2007-06-26,12.38,12.58,12.65,11.42,9664827.0,115431828.0
2007-06-27,12.25,12.43,12.51,11.98,7449166.0,90989213.0
2007-06-28,12.38,11.95,12.38,11.89,7351675.0,88460119.0
2007-06-29,11.62,11.19,11.62,10.91,9760320.0,109404827.0
2007-07-02,11.03,11.18,11.23,10.33,8113953.0,87600740.0
2007-07-03,11.08,11.05,11.2,10.84,3514586.0,38704507.0
2007-07-04,11.11,10.94,11.34,10.91,3478136.0,38799929.0
2007-07-05,10.88,10.1,10.88,9.98,5084607.0,52908976.0
2007-07-06,9.92,10.63,10.65,9.6,7228286.0,73524295.0
2007-07-09,10.59,10.88,11.01,10.44,10267932.0,109742180.0
2007-07-10,10.92,10.22,10.92,10.19,8099549.0,83963200.0
2007-07-11,10.16,10.21,10.37,9.99,2363840.0,24126600.0
2007-07-12,10.21,10.44,10.51,10.21,3158179.0,32698273.0
2007-07-13,10.44,10.58,10.6,10.22,2413939.0,25099838.0
2007-07-16,10.57,10.29,10.57,10.14,1741316.0,17908429.0
2007-07-17,10.19,10.35,10.37,10.04,6716876.0,68075807.0
2007-07-18,10.31,10.21,10.49,10.08,2973145.0,30486914.0
2007-07-19,10.23,10.06,10.29,10.03,4406753.0,44468314.0
2007-07-20,10.08,10.23,10.34,10.04,13903157.0,141461967.0
2007-07-23,10.49,10.96,10.97,10.46,19112627.0,204779419.0
2007-07-24,11.08,10.83,11.15,10.8,20104743.0,219456142.0
2007-07-25,10.84,10.96,10.96,10.69,19259398.0,207769964.0
2007-07-26,10.99,11.13,11.33,10.99,11149297.0,124617864.0
2007-07-27,11.01,11.2,11.22,10.88,9830745.0,108612615.0
2007-07-30,11.22,11.44,11.56,11.15,15442547.0,174500782.0
2007-07-31,11.42,11.74,11.83,11.27,11716422.0,134888996.0
2007-08-01,11.75,11.01,11.83,10.95,11750905.0,133596168.0
2007-08-02,11.04,11.42,11.48,11.04,10959432.0,123057954.0
2007-08-03,11.41,11.47,11.68,11.27,12158168.0,139519418.0
2007-08-06,11.57,11.86,12.06,11.57,11446782.0,135303315.0
2007-08-07,11.87,11.67,11.95,11.54,10787857.0,126334690.0
2007-08-08,11.65,11.37,11.88,10.97,9701021.0,111132835.0
2007-08-09,11.37,11.37,11.48,11.27,8455237.0,96168961.0
2007-08-10,11.36,10.95,11.37,10.91,15965836.0,176058099.0
2007-08-13,10.92,10.86,11.04,10.81,12461976.0,135901588.0
2007-08-14,10.85,11.36,11.39,10.72,12667234.0,139979947.0
2007-08-15,11.38,11.07,11.51,10.91,11524677.0,127971171.0
2007-08-16,11.04,10.94,11.07,10.8,11385247.0,123862745.0
2007-08-17,10.86,10.94,11.07,10.78,8036026.0,87568107.0
2007-08-20,11.19,11.24,11.35,11.06,10249891.0,115246011.0
2007-08-21,11.39,12.05,12.27,11.15,30062839.0,349253817.0
2007-08-22,11.89,12.27,12.41,11.74,16663342.0,201864840.0
2007-08-23,12.3,12.21,12.33,11.98,13732900.0,166690177.0
2007-08-24,12.2,11.8,12.21,11.65,24571024.0,290373591.0
2007-08-27,11.83,11.51,11.87,11.33,24961538.0,287329909.0
2007-08-28,11.51,11.57,11.59,11.25,18513720.0,210818489.0
2007-08-29,11.55,11.18,11.55,11.16,18143416.0,205584299.0
2007-08-30,11.22,11.56,11.65,11.22,13612712.0,156589025.0
2007-08-31,11.67,11.42,11.67,11.25,12066310.0,137820344.0
2007-09-03,11.49,11.42,11.62,11.3,18329487.0,209114742.0
2007-09-04,11.48,11.35,11.56,11.3,12813289.0,145936101.0
2007-09-05,11.38,11.58,11.58,11.33,15711763.0,180156023.0
2007-09-06,11.62,11.68,11.87,11.61,22589251.0,264660607.0
2007-09-07,11.65,11.25,11.65,11.25,16080033.0,183220863.0
2007-09-10,11.11,11.08,11.12,10.76,15427702.0,168493410.0
2007-09-11,11.09,10.99,11.21,10.87,16157854.0,177435408.0
2007-09-12,10.98,10.81,11.07,10.59,11479368.0,123565840.0
2007-09-13,10.84,11.0,11.16,10.7,8745827.0,95781931.0
2007-09-14,11.0,10.91,11.0,10.66,8291937.0,89557421.0
2007-09-17,10.89,11.04,11.16,10.77,8550351.0,94453297.0
2007-09-18,11.1,11.04,11.1,10.81,9529374.0,104564306.0
2007-09-19,11.09,11.08,11.21,10.87,7665048.0,84555206.0
2007-09-20,11.08,10.94,11.19,10.91,7304742.0,80383623.0
2007-09-21,10.94,10.72,10.94,10.52,9692561.0,103610751.0
2007-09-24,10.63,10.73,10.92,10.49,6360842.0,67872971.0
2007-09-25,10.79,10.63,10.79,10.49,7380008.0,77823992.0
2007-09-26,10.59,10.47,10.72,10.4,5291036.0,55625000.0
2007-09-27,10.46,10.37,10.57,10.37,6870367.0,71473728.0
2007-09-28,10.42,10.57,10.64,10.36,16680984.0,174768243.0
2007-10-08,10.71,10.46,10.75,10.45,11157503.0,117413326.0
2007-10-09,10.47,10.75,10.81,10.47,12033740.0,128896045.0
2007-10-10,10.85,10.66,10.85,10.62,11100762.0,118594234.0
2007-10-11,10.65,10.36,10.66,10.33,19522351.0,202998197.0
2007-10-12,10.36,9.93,10.36,9.64,23381560.0,233624602.0
2007-10-15,9.93,9.78,9.96,9.61,20277359.0,197578898.0
2007-10-16,9.83,9.99,10.07,9.78,24400202.0,240750317.0
2007-10-17,10.11,9.82,10.13,9.81,12433566.0,123348716.0
2007-10-18,9.83,9.81,10.1,9.78,12635917.0,125736480.0
2007-10-19,9.82,9.93,10.07,9.82,7438954.0,74093221.0
2007-10-22,9.96,10.04,10.34,9.9,12094439.0,122716645.0
2007-10-23,10.06,9.78,10.19,9.55,11727261.0,114187159.0
2007-10-24,9.78,9.21,9.83,9.14,20431740.0,192188398.0
2007-10-25,9.14,8.34,9.14,8.32,24929276.0,215480564.0
2007-10-26,8.32,8.32,8.66,8.24,15028013.0,126181229.0
2007-10-29,8.43,8.41,8.44,8.04,11807071.0,96584090.0
2007-10-30,8.41,8.44,8.46,8.12,13441451.0,111239824.0
2007-10-31,8.5,8.88,9.03,8.5,19046386.0,166789220.0
2007-11-01,8.87,8.47,8.92,8.47,11276805.0,97092950.0
2007-11-02,8.33,8.12,8.33,8.02,11958165.0,97295936.0
2007-11-05,7.92,8.16,8.28,7.92,8648279.0,70412761.0
2007-11-06,8.2,8.26,8.37,8.16,6843727.0,56698456.0
2007-11-07,8.18,8.22,8.35,8.12,4434838.0,36447779.0
2007-11-08,8.18,7.95,8.18,7.94,5463169.0,43976973.0
2007-11-09,7.92,7.87,8.13,7.82,6225045.0,49121722.0
2007-11-12,7.77,7.47,7.79,7.38,8498294.0,63785638.0
2007-11-13,7.59,7.51,7.74,7.41,6342388.0,48064714.0
2007-11-14,7.63,7.8,7.8,7.51,8611101.0,66287286.0
2007-11-15,7.82,7.72,7.91,7.71,7805159.0,61021494.0
2007-11-16,7.64,7.65,7.68,7.45,8546900.0,64650409.0
2007-11-19,7.74,7.96,8.03,7.65,11517299.0,90621414.0
2007-11-20,7.96,8.39,8.53,7.95,29447012.0,245787628.0
2007-11-21,8.47,8.22,8.52,8.18,9332159.0,77795811.0
2007-11-22,8.1,8.14,8.44,8.04,9279143.0,76589024.0
2007-11-23,8.14,8.24,8.28,7.91,5313608.0,43004547.0
2007-11-26,8.28,8.48,8.77,8.28,21381785.0,183134368.0
2007-11-27,8.48,8.44,8.7,8.32,11118110.0,94649407.0
2007-11-28,8.46,8.35,8.58,8.32,5142615.0,43261336.0
2007-11-29,8.27,8.4,8.44,8.18,16122970.0,133809366.0
2007-11-30,8.34,8.02,8.37,7.97,8729999.0,70855739.0
2007-12-03,7.89,7.87,8.03,7.74,11549068.0,90804717.0
2007-12-04,7.87,7.89,7.99,7.82,5906908.0,46626823.0
2007-12-05,7.92,8.08,8.11,7.8,7363657.0,58776694.0
2007-12-06,8.12,8.36,8.38,8.01,9479084.0,77808336.0
2007-12-07,8.36,8.39,8.46,8.27,6968220.0,58378300.0
2007-12-10,8.24,8.88,9.05,8.2,27003965.0,236886040.0
2007-12-11,8.89,9.1,9.15,8.81,20943460.0,188495467.0
2007-12-12,9.03,9.35,9.49,9.0,16368531.0,151823417.0
2007-12-13,9.35,8.88,9.38,8.85,13075236.0,119231370.0
2007-12-14,8.76,9.16,9.17,8.62,10896617.0,97409921.0
2007-12-17,9.23,9.8,10.03,9.23,24351185.0,236799015.0
2007-12-18,9.77,9.61,9.78,9.38,9461198.0,90795456.0
2007-12-19,9.64,9.62,9.81,9.49,10552594.0,101834628.0
2007-12-20,9.62,9.71,9.92,9.54,7680071.0,75019564.0
2007-12-21,9.64,9.75,9.81,9.61,10916393.0,105667968.0
2007-12-24,9.76,9.79,10.02,9.74,11469368.0,113421899.0
2007-12-25,9.79,9.9,9.96,9.74,6472393.0,63906073.0
2007-12-26,9.9,10.2,10.22,9.9,12966270.0,131041668.0
2007-12-27,10.21,10.15,10.38,10.11,13248321.0,135733979.0
2007-12-28,10.14,10.19,10.22,9.94,10961021.0,110422709.0
2008-01-02,10.22,11.15,11.21,9.99,29800755.0,325378148.0
2008-01-03,11.15,10.99,11.3,10.96,16908852.0,187566539.0
2008-01-04,11.01,11.13,11.53,10.75,14693912.0,162056292.0
2008-01-07,11.13,11.25,11.39,10.84,11170684.0,124522291.0
2008-01-08,11.21,10.95,11.29,10.95,15332951.0,169647362.0
2008-01-09,10.87,10.92,11.01,10.75,11212779.0,122073045.0
2008-01-10,10.93,10.94,11.06,10.89,15889395.0,173980266.0
2008-01-11,10.97,10.64,11.19,10.6,20835842.0,226524108.0
2008-01-14,10.54,10.7,10.92,10.54,12915243.0,138416386.0
2008-01-15,10.71,10.63,10.72,10.41,17356699.0,182663352.0
2008-01-16,10.56,10.73,10.81,10.35,16550976.0,175140601.0
2008-01-17,10.6,10.48,11.04,10.04,16863546.0,180496824.0
2008-01-18,10.51,10.22,10.6,10.05,14363138.0,147049114.0
2008-01-21,10.23,9.61,10.33,9.35,14930777.0,146567877.0
2008-01-22,9.32,8.67,9.43,8.65,21203010.0,188730290.0
2008-01-23,8.67,9.34,9.35,8.66,15607833.0,140797384.0
2008-01-24,9.41,9.56,9.7,9.22,16747476.0,158634905.0
2008-01-25,9.57,9.42,9.62,9.33,9837688.0,92545340.0
2008-01-28,9.32,8.52,9.32,8.5,12886634.0,113223015.0
2008-01-29,8.53,8.53,8.7,8.41,7837267.0,67001781.0
2008-01-30,8.61,8.71,8.79,8.47,9666189.0,84015193.0
2008-01-31,8.67,8.62,8.89,8.5,4481606.0,39156418.0
2008-02-01,8.65,8.39,8.73,8.09,6572348.0,54867917.0
2008-02-04,8.62,9.0,9.03,8.5,20821008.0,183792029.0
2008-02-05,9.0,8.79,9.0,8.65,12364072.0,109129201.0
2008-02-13,8.73,8.53,8.73,8.47,6342419.0,54463713.0
2008-02-14,8.64,8.85,8.93,8.63,7725750.0,68101820.0
2008-02-15,8.82,8.76,8.93,8.67,5912663.0,51878962.0
2008-02-18,8.96,9.13,9.16,8.84,12465845.0,112364689.0
2008-02-19,9.23,9.22,9.25,9.08,7867710.0,72238814.0
2008-02-20,9.26,8.97,9.29,8.96,8917005.0,81155986.0
2008-02-21,8.91,9.01,9.11,8.75,7104472.0,63499396.0
2008-02-22,8.97,8.78,9.05,8.62,8302150.0,72748691.0
2008-02-25,8.78,8.47,8.84,8.47,5626100.0,48015060.0
2008-02-26,8.63,8.56,8.82,8.32,5369110.0,45834262.0
2008-02-27,8.56,8.68,8.72,8.5,6117112.0,52809081.0
2008-02-28,8.74,8.63,8.76,8.6,3403901.0,29478534.0
2008-02-29,8.66,8.91,9.05,8.58,5508889.0,48783098.0
2008-03-03,8.82,9.29,9.32,8.79,10995412.0,100932456.0
2008-03-04,9.22,9.01,9.35,8.98,8057294.0,73724120.0
2008-03-05,9.01,9.13,9.23,8.85,6253204.0,56658518.0
2008-03-06,9.2,9.22,9.34,9.05,6479689.0,59850425.0
2008-03-07,9.16,9.09,9.17,8.91,5081523.0,45949116.0
2008-03-10,8.93,8.72,9.01,8.62,6119468.0,53602075.0
2008-03-11,8.62,8.64,8.7,8.43,4422985.0,37781711.0
2008-03-12,8.78,8.3,8.82,8.3,6312462.0,53489149.0
2008-03-13,8.25,7.94,8.25,7.85,8722614.0,69318200.0
2008-03-14,7.89,7.92,7.97,7.65,4132803.0,32168589.0
2008-03-17,7.91,7.54,7.93,7.53,4768114.0,36696441.0
2008-03-18,7.54,6.96,7.71,6.91,9414150.0,68062414.0
2008-03-19,7.09,7.2,7.3,7.09,11071959.0,79935163.0
2008-03-20,7.01,7.57,7.62,6.98,24196547.0,177948497.0
2008-03-21,7.59,7.51,7.79,7.47,9097208.0,69241388.0
2008-03-24,7.66,7.36,7.8,7.33,7062162.0,53642233.0
2008-03-25,7.65,7.5,7.65,7.19,5113819.0,37637127.0
2008-03-26,7.54,7.35,7.59,7.3,4126965.0,30772505.0
2008-03-27,7.3,6.82,7.31,6.81,9047044.0,63393013.0
2008-03-28,6.74,6.91,7.01,6.48,11377654.0,76708120.0
2008-03-31,6.72,6.54,6.92,6.54,7327448.0,49096603.0
2008-04-01,6.54,6.06,6.69,6.02,8119482.0,51511643.0
2008-04-02,6.13,5.87,6.28,5.81,6024289.0,36374373.0
2008-04-03,5.87,6.22,6.23,5.81,6918059.0,41975327.0
2008-04-07,6.14,6.61,6.62,6.03,9604634.0,61983501.0
2008-04-08,6.61,6.65,6.71,6.48,9218369.0,61002666.0
2008-04-09,6.48,6.24,6.69,6.22,5796620.0,37446159.0
2008-04-10,6.17,6.32,6.33,5.99,6379101.0,39314785.0
2008-04-11,6.34,6.54,6.69,6.34,8540330.0,56165766.0
2008-04-14,6.4,6.42,6.57,6.09,8080870.0,51089975.0
2008-04-15,6.23,6.48,6.48,6.11,3794613.0,23934319.0
2008-04-16,6.48,6.48,6.6,6.37,5664335.0,36805244.0
2008-04-17,6.43,6.2,6.61,6.15,3424960.0,21805176.0
2008-04-18,6.16,5.94,6.16,5.93,4062631.0,24501923.0
2008-04-21,6.42,6.02,6.43,5.95,5259668.0,32568296.0
2008-04-22,6.01,5.99,6.05,5.6,5796880.0,33951548.0
2008-04-23,5.96,6.28,6.29,5.84,5090421.0,31202970.0
2008-04-24,6.89,6.9,6.91,6.6,24091747.0,163394727.0
2008-04-25,6.72,6.82,7.06,6.63,14563756.0,100052151.0
2008-04-28,6.69,6.66,6.79,6.6,6770155.0,45281749.0
2008-04-29,6.67,6.69,6.77,6.6,5199168.0,34718409.0
2008-04-30,6.75,6.91,6.92,6.69,11186687.0,76815345.0
2008-05-05,7.01,7.25,7.33,7.01,16694076.0,120478121.0
2008-05-06,7.19,7.08,7.21,7.02,8090141.0,57567197.0
2008-05-07,7.07,6.71,7.12,6.7,7431590.0,51325044.0
2008-05-08,6.66,6.88,6.89,6.6,5898170.0,39907706.0
2008-05-09,6.97,6.84,7.03,6.74,6646515.0,45897039.0
2008-05-12,6.8,7.25,7.3,6.71,14831305.0,106180144.0
2008-05-13,7.1,7.96,7.97,7.04,36901393.0,284339036.0
2008-05-14,7.96,7.78,8.15,7.59,25169291.0,197178805.0
2008-05-15,7.75,7.59,7.76,7.53,14582378.0,111335311.0
2008-05-16,7.61,7.39,7.68,7.21,10721328.0,79470853.0
2008-05-19,7.39,7.44,7.62,7.33,6269580.0,47008221.0
2008-05-20,7.44,6.8,7.52,6.72,9364068.0,66966433.0
2008-05-21,6.72,6.92,7.0,6.43,8437273.0,56429405.0
2008-05-22,6.85,6.69,6.86,6.67,5601507.0,37859916.0
2008-05-23,6.69,6.7,6.85,6.64,4240896.0,28552213.0
2008-05-26,6.71,6.44,6.71,6.43,4291803.0,28074933.0
2008-05-27,6.44,6.48,6.54,6.38,3392017.0,21889192.0
2008-05-28,6.48,6.62,6.71,6.42,4009779.0,26229169.0
2008-05-29,6.58,6.43,6.65,6.43,3848941.0,25076056.0
2008-05-30,6.43,6.46,6.52,6.38,2606187.0,16811203.0
2008-06-02,6.46,6.5,6.56,6.43,3153170.0,20435305.0
2008-06-03,6.56,6.58,6.59,6.49,3813081.0,24935607.0
2008-06-04,6.56,6.51,6.62,6.43,3273171.0,21354555.0
2008-06-05,6.47,6.51,6.55,6.46,2522001.0,16446732.0
2008-06-06,6.53,6.43,6.57,6.4,2404014.0,15564667.0
2008-06-10,6.19,5.78,6.19,5.78,5382243.0,31654490.0
2008-06-11,5.71,5.64,5.73,5.6,4795422.0,27056969.0
2008-06-12,5.67,5.49,5.71,5.41,4586254.0,25240652.0
2008-06-13,5.49,5.32,5.55,5.32,2832164.0,15370745.0
2008-06-16,5.39,5.18,5.4,5.12,2718299.0,14178917.0
2008-06-17,5.2,5.02,5.24,5.02,3140253.0,16120689.0
2008-06-18,5.01,5.28,5.36,4.85,6092969.0,31323685.0
2008-06-19,5.28,4.86,5.28,4.85,4623579.0,23416482.0
2008-06-20,4.86,4.86,4.86,4.86,0.0,0.0
2008-06-23,4.97,4.9,5.03,4.89,3591232.0,17823682.0
2008-06-24,4.91,5.09,5.11,4.91,6507880.0,32684973.0
2008-06-25,5.11,5.42,5.43,5.08,13925870.0,73316182.0
2008-06-26,5.4,5.93,5.97,5.29,27324423.0,155474395.0
2008-06-27,5.61,5.78,5.84,5.48,13332461.0,74544427.0
2008-06-30,5.67,5.82,5.99,5.61,7087320.0,40887090.0
2008-07-01,5.81,5.51,5.81,5.5,5074141.0,28409923.0
2008-07-02,5.51,5.54,5.63,5.43,4948879.0,27428957.0
2008-07-03,5.49,5.79,5.83,5.35,12872707.0,73345335.0
2008-07-04,5.77,6.05,6.28,5.68,24948257.0,151195845.0
2008-07-07,6.06,6.25,6.39,5.95,16753125.0,104970429.0
2008-07-08,6.26,6.21,6.26,6.02,9799302.0,60126610.0
2008-07-09,6.22,6.21,6.24,6.07,15277094.0,94088873.0
2008-07-10,6.17,5.98,6.17,5.97,14463000.0,87721403.0
2008-07-11,5.9,5.93,6.02,5.85,5760716.0,34022651.0
2008-07-14,5.93,6.05,6.06,5.86,6866289.0,41134315.0
2008-07-15,6.05,5.89,6.11,5.75,8196707.0,48456890.0
2008-07-16,5.81,5.56,5.9,5.4,6505356.0,36819773.0
2008-07-17,5.57,5.77,5.89,5.57,13216343.0,76015213.0
2008-07-18,5.84,5.86,5.87,5.59,5560621.0,32048188.0
2008-07-21,5.94,6.11,6.18,5.86,9806577.0,59181138.0
2008-07-22,6.08,6.37,6.43,6.02,22021743.0,138642066.0
2008-07-23,6.29,6.28,6.34,6.13,11426513.0,71339401.0
2008-07-24,6.39,6.33,6.53,6.28,8479499.0,54311511.0
2008-07-25,6.33,6.33,6.42,6.16,6983873.0,44391221.0
2008-07-28,6.4,6.43,6.51,6.39,6982564.0,44960305.0
2008-07-29,6.39,6.46,6.51,6.16,9680569.0,61222019.0
2008-07-30,6.47,6.37,6.59,6.34,5116232.0,32965810.0
2008-07-31,6.4,6.16,6.41,6.14,4845836.0,30338514.0
2008-08-01,6.16,6.23,6.29,6.04,4183289.0,25782962.0
2008-08-04,6.2,6.22,6.3,6.11,3195166.0,19902216.0
2008-08-05,6.24,5.99,6.26,5.96,3182421.0,19337481.0
2008-08-06,6.0,5.99,6.11,5.91,2489747.0,14901251.0
2008-08-07,5.99,6.04,6.06,5.92,2157498.0,12892766.0
2008-08-08,6.02,5.58,6.06,5.58,3726055.0,21649261.0
2008-08-11,5.54,5.05,5.69,5.03,4563068.0,23916178.0
2008-08-12,5.1,5.1,5.14,5.0,3642171.0,18487817.0
2008-08-13,5.1,5.13,5.17,4.95,3335401.0,16768014.0
2008-08-14,5.13,5.17,5.21,5.11,2187898.0,11316568.0
2008-08-15,5.17,5.21,5.25,5.08,2800419.0,14519915.0
2008-08-18,5.23,4.89,5.26,4.88,3399279.0,16987942.0
2008-08-19,4.78,4.88,4.98,4.75,3394261.0,16586747.0
2008-08-20,4.87,5.31,5.35,4.8,5664989.0,29340711.0
2008-08-21,5.26,5.06,5.35,5.06,4622751.0,23907508.0
2008-08-22,4.96,5.0,5.07,4.86,2478575.0,12332882.0
2008-08-25,5.04,5.02,5.11,4.97,1523908.0,7705455.0
2008-08-26,4.96,4.95,5.07,4.89,2461522.0,12147802.0
2008-08-27,4.93,4.93,5.02,4.89,2053627.0,10179662.0
2008-08-28,4.95,4.93,5.0,4.9,1113613.0,5505293.0
2008-08-29,4.93,5.07,5.1,4.93,3095638.0,15562896.0
2008-09-01,5.05,4.89,5.05,4.88,2656735.0,13120149.0
2008-09-02,4.89,4.83,4.93,4.8,1918067.0,9286442.0
2008-09-03,4.83,4.91,4.93,4.74,3927887.0,18950493.0
2008-09-04,4.89,4.99,5.0,4.83,2073940.0,10189936.0
2008-09-05,4.86,4.88,4.94,4.79,1833095.0,8880197.0
2008-09-08,4.89,4.63,4.93,4.61,2695850.0,12791713.0
2008-09-09,4.65,4.66,4.71,4.58,1802931.0,8364574.0
2008-09-10,4.58,4.65,4.74,4.58,1303313.0,6090935.0
2008-09-11,4.73,4.63,4.78,4.61,1717592.0,8039163.0
2008-09-12,4.62,4.66,4.7,4.62,1591302.0,7430246.0
2008-09-16,4.65,4.79,4.8,4.49,4981825.0,23285888.0
2008-09-17,4.79,4.79,4.91,4.69,3151613.0,15113911.0
2008-09-18,4.73,4.83,4.89,4.4,6397969.0,29663906.0
2008-09-19,5.21,5.31,5.31,5.12,20838204.0,109858906.0
2008-09-22,5.6,5.36,5.81,5.22,18391318.0,100465504.0
2008-09-23,5.2,4.82,5.2,4.82,12396150.0,62948959.0
2008-09-24,4.76,4.94,4.95,4.67,5522972.0,26565769.0
2008-09-25,4.95,5.04,5.13,4.9,6840657.0,34539534.0
2008-09-26,5.05,5.02,5.11,4.92,5670132.0,28495941.0
2008-10-06,4.93,5.05,5.07,4.65,5807739.0,28467353.0
2008-10-07,4.86,5.26,5.28,4.79,11402444.0,58589434.0
2008-10-08,5.14,5.21,5.23,5.07,5371637.0,27806536.0
2008-10-09,5.28,5.01,5.32,5.0,4446284.0,22967950.0
2008-10-10,4.81,4.9,5.02,4.76,5000187.0,24475864.0
2008-10-13,4.85,5.01,5.01,4.8,3792418.0,18459223.0
2008-10-14,5.15,4.97,5.21,4.95,4523876.0,23081331.0
2008-10-15,4.98,5.07,5.14,4.97,10823909.0,54599931.0
2008-10-16,4.93,4.92,4.93,4.81,7842672.0,38383514.0
2008-10-17,4.97,4.93,5.0,4.89,2791624.0,13773831.0
2008-10-20,4.97,5.02,5.03,4.89,2437980.0,12053350.0
2008-10-21,5.04,5.0,5.07,4.98,3179888.0,15969210.0
2008-10-22,5.0,5.01,5.04,4.83,3800586.0,18692753.0
2008-10-23,4.96,4.97,5.0,4.86,1775615.0,8759713.0
2008-10-24,4.97,5.09,5.13,4.79,7355504.0,36591476.0
2008-10-27,5.02,4.93,5.02,4.83,6587243.0,32224164.0
2008-10-28,4.76,4.89,4.95,4.71,4425276.0,21409314.0
2008-10-29,4.93,4.53,4.95,4.51,6351317.0,29940300.0
2008-10-30,4.57,4.35,4.63,4.32,10607373.0,46474896.0
2008-10-31,4.35,4.19,4.38,4.11,8448077.0,35403760.0
2008-11-03,4.16,4.08,4.16,4.02,5421361.0,22076284.0
2008-11-04,4.07,3.87,4.07,3.79,10915364.0,42025488.0
2008-11-05,3.87,3.92,3.98,3.87,11747955.0,46043652.0
2008-11-06,3.8,3.8,3.85,3.77,4970477.0,18915738.0
2008-11-07,3.74,3.8,3.81,3.68,9285115.0,34771888.0
2008-11-10,3.84,4.0,4.0,3.84,21566416.0,84962192.0
2008-11-11,3.99,3.91,3.99,3.87,15369535.0,60339304.0
2008-11-12,3.86,3.89,3.91,3.81,14363467.0,55474348.0
2008-11-13,3.89,4.12,4.16,3.87,24239340.0,98027456.0
2008-11-14,4.17,4.4,4.42,4.17,31110260.0,133972192.0
2008-11-17,4.41,4.47,4.47,4.33,25305358.0,111393680.0
2008-11-18,4.47,4.18,4.47,4.02,26856778.0,113678312.0
2008-11-19,4.1,4.4,4.4,4.09,17219248.0,73510648.0
2008-11-20,4.26,4.29,4.39,4.23,13767079.0,59234660.0
2008-11-21,4.2,4.23,4.3,4.08,13043416.0,54627356.0
2008-11-24,4.25,4.16,4.39,4.15,18321269.0,78578928.0
2008-11-25,4.22,4.04,4.25,3.97,10412853.0,42737808.0
2008-11-26,4.16,4.08,4.18,4.06,6654898.0,27368504.0
2008-11-27,4.33,4.14,4.39,4.14,13619089.0,57943176.0
2008-11-28,4.11,4.09,4.18,4.08,6322547.0,26022150.0
2008-12-01,4.08,4.25,4.26,4.01,11197196.0,46884672.0
2008-12-02,4.17,4.33,4.36,4.14,20708136.0,89258256.0
2008-12-03,4.39,4.55,4.59,4.39,25694965.0,116161736.0
2008-12-04,4.62,4.52,4.67,4.51,21759890.0,99861552.0
2008-12-05,4.5,4.65,4.68,4.47,15189490.0,69499264.0
2008-12-08,4.69,4.75,4.75,4.6,32058524.0,150354192.0
2008-12-09,4.75,4.7,4.75,4.57,22647871.0,105002864.0
2008-12-10,4.62,4.71,4.75,4.59,16244481.0,76179624.0
2008-12-11,4.73,4.59,4.74,4.59,12698630.0,59206176.0
2008-12-12,4.57,4.36,4.59,4.33,11991708.0,53179408.0
2008-12-15,4.42,4.46,4.54,4.32,10742086.0,47450732.0
2008-12-16,4.42,4.64,4.65,4.27,15105276.0,68225592.0
2008-12-17,4.68,4.69,4.78,4.62,15799739.0,74210208.0
2008-12-18,4.7,4.69,4.73,4.57,12839667.0,59905784.0
2008-12-19,4.68,4.82,4.86,4.65,19565427.0,93588512.0
2008-12-22,4.79,4.92,5.0,4.76,23181310.0,113579568.0
2008-12-23,4.89,4.65,4.89,4.62,19070799.0,89844784.0
2008-12-24,4.58,4.54,4.62,4.49,7806485.0,35546924.0
2008-12-25,4.54,4.57,4.64,4.48,8172820.0,37308776.0
2008-12-26,4.61,4.53,4.61,4.49,10424158.0,47461160.0
2008-12-29,4.44,4.38,4.47,4.22,9256249.0,40089344.0
2008-12-30,4.38,4.36,4.41,4.33,5302411.0,23242424.0
2008-12-31,4.38,4.33,4.47,4.33,4999449.0,21946816.0
2009-01-05,4.39,4.51,4.52,4.39,7529009.0,33719952.0
2009-01-06,4.51,4.65,4.67,4.48,9607218.0,44214528.0
2009-01-07,4.67,4.66,4.75,4.61,11910436.0,55748648.0
2009-01-08,4.57,4.71,4.79,4.56,15477319.0,72623496.0
2009-01-09,4.73,4.74,4.79,4.67,11175872.0,52963304.0
2009-01-12,4.77,4.72,4.8,4.7,9326303.0,44268528.0
2009-01-13,4.61,4.54,4.7,4.51,8057729.0,36914816.0
2009-01-14,4.54,4.68,4.68,4.51,6572408.0,30272926.0
2009-01-15,4.66,4.86,4.92,4.63,28022554.0,134523840.0
2009-01-16,4.91,4.97,4.98,4.85,23246154.0,114406176.0
2009-01-19,4.97,5.01,5.02,4.89,14995282.0,74398784.0
2009-01-20,4.94,5.0,5.04,4.91,10847647.0,53906248.0
2009-01-21,4.94,4.92,5.01,4.91,12406450.0,61363088.0
2009-01-22,5.04,5.16,5.18,5.0,24385518.0,124400480.0
2009-01-23,5.14,5.04,5.14,4.97,11745961.0,59424460.0
2009-02-02,5.07,5.03,5.09,4.97,10250463.0,51350464.0
2009-02-03,5.04,5.18,5.19,5.01,13375004.0,68829920.0
2009-02-04,5.17,5.17,5.21,5.1,22287434.0,114601544.0
2009-02-05,5.16,5.13,5.2,5.1,21320024.0,109664544.0
2009-02-06,5.11,5.26,5.28,5.11,23044830.0,120240496.0
2009-02-09,5.39,5.33,5.42,5.23,26864689.0,142944272.0
2009-02-10,5.33,5.54,5.63,5.25,23137586.0,124410656.0
2009-02-11,5.51,5.64,5.78,5.46,32440160.0,183179808.0
2009-02-12,5.62,5.76,5.89,5.47,25347813.0,142577520.0
2009-02-13,5.76,5.84,5.92,5.76,31705482.0,184537328.0
2009-02-16,5.88,5.97,6.19,5.72,27181425.0,158811680.0
2009-02-17,6.02,5.99,6.33,5.81,41296022.0,250161600.0
2009-02-18,6.0,5.85,6.16,5.73,44429355.0,265039856.0
2009-02-19,5.92,5.95,5.97,5.64,36250140.0,210744416.0
2009-02-20,6.08,6.12,6.22,5.95,49329042.0,298432608.0
2009-02-23,6.13,6.18,6.22,6.03,34314000.0,210662416.0
2009-02-24,6.2,5.82,6.2,5.81,29788878.0,178853328.0
2009-02-25,5.85,5.7,5.92,5.55,21948156.0,125188432.0
2009-02-26,5.7,5.32,5.77,5.19,14698826.0,81654336.0
2009-02-27,5.25,5.08,5.25,5.04,19482221.0,99662096.0
2009-03-02,5.1,5.2,5.25,5.04,9930007.0,51469468.0
2009-03-03,5.1,5.32,5.41,5.06,14756786.0,78227840.0
2009-03-04,5.35,5.57,5.59,5.35,19453948.0,106715472.0
2009-03-05,5.63,5.6,5.73,5.5,19235404.0,108191840.0
2009-03-06,5.53,5.49,5.59,5.48,9979709.0,55183024.0
2009-03-09,5.5,5.29,5.6,5.28,11512594.0,62744332.0
2009-03-10,5.21,5.37,5.37,5.2,5806456.0,30663036.0
2009-03-11,5.46,5.31,5.49,5.3,7160522.0,38608088.0
2009-03-12,5.29,5.27,5.33,5.17,6199366.0,32431788.0
2009-03-13,5.28,5.26,5.38,5.23,6100047.0,32320148.0
2009-03-16,5.25,5.31,5.32,5.19,5774537.0,30447958.0
2009-03-17,5.33,5.51,5.51,5.32,11970750.0,65318984.0
2009-03-18,5.58,5.57,5.71,5.55,14455919.0,81453432.0
2009-03-19,5.56,5.64,5.65,5.52,13452388.0,75350936.0
2009-03-20,5.66,5.6,5.7,5.53,10556114.0,59076276.0
2009-03-23,5.56,5.69,5.74,5.56,14019450.0,79541680.0
2009-03-24,5.74,5.71,5.76,5.63,17852636.0,101861608.0
2009-03-25,5.7,5.52,5.7,5.51,13047733.0,73466776.0
2009-03-26,5.49,5.58,5.59,5.43,12856996.0,70836752.0
2009-03-27,5.62,5.6,5.7,5.56,14733156.0,82888376.0
2009-03-30,5.6,5.62,5.68,5.58,10865753.0,61173244.0
2009-03-31,5.51,5.64,5.64,5.49,9405266.0,52388760.0
2009-04-01,5.66,5.75,5.8,5.65,19308313.0,110396424.0
2009-04-02,5.77,5.72,5.79,5.7,16322600.0,93718480.0
2009-04-03,5.74,5.65,5.77,5.62,13010912.0,73898992.0
2009-04-07,5.78,5.76,5.93,5.72,33504434.0,195606544.0
2009-04-08,5.77,5.5,5.77,5.49,20244311.0,113526528.0
2009-04-09,5.5,5.5,5.56,5.43,15487002.0,84856176.0
2009-04-10,5.56,5.64,5.64,5.51,15689868.0,87644096.0
2009-04-13,5.74,5.68,5.76,5.62,23283633.0,132079560.0
2009-04-14,5.68,5.69,5.75,5.65,18533742.0,105651840.0
2009-04-15,5.68,5.89,5.92,5.66,42314164.0,246615360.0
2009-04-16,5.92,5.92,6.08,5.85,30359581.0,180471664.0
2009-04-17,5.94,5.88,6.06,5.87,22347691.0,132912256.0
2009-04-20,5.85,5.92,5.92,5.76,22479557.0,131786112.0
2009-04-21,5.85,5.82,5.92,5.74,17870837.0,104052064.0
2009-04-22,5.82,5.62,5.9,5.56,22588366.0,130598008.0
2009-04-23,5.59,5.62,5.63,5.52,15238464.0,84803728.0
2009-04-24,5.64,5.56,5.65,5.55,11172373.0,62474488.0
2009-04-27,5.61,5.55,5.69,5.52,14090212.0,78813872.0
2009-04-28,5.57,5.87,5.88,5.57,54674544.0,313345216.0
2009-04-29,5.93,5.83,5.97,5.72,35459251.0,205505568.0
2009-04-30,5.81,5.84,5.93,5.81,29771098.0,174406720.0
2009-05-04,5.95,5.95,5.97,5.85,31228657.0,184591936.0
2009-05-05,5.95,6.01,6.04,5.85,42039574.0,249585776.0
2009-05-06,6.01,6.11,6.19,5.94,67508955.0,407795968.0
2009-05-07,6.11,6.04,6.13,5.89,57772993.0,346316512.0
2009-05-08,6.32,6.2,6.51,6.17,110895225.0,701034112.0
2009-05-11,6.19,6.04,6.3,6.02,60387753.0,371252864.0
2009-05-12,5.98,6.02,6.05,5.91,24539664.0,146696960.0
2009-05-13,6.04,5.99,6.06,5.94,23838294.0,142828784.0
2009-05-14,5.98,5.96,6.0,5.91,34845554.0,206962736.0
2009-05-15,5.96,5.99,6.08,5.94,24336208.0,146380512.0
2009-05-18,5.99,5.93,6.02,5.81,17873952.0,105372800.0
2009-05-19,5.95,5.95,6.01,5.92,18145538.0,108021744.0
2009-05-20,5.95,5.87,5.98,5.87,16145812.0,95332336.0
2009-05-21,5.86,5.74,5.89,5.7,21116068.0,121945240.0
2009-05-22,5.7,5.75,5.8,5.69,14592777.0,83665072.0
2009-05-25,5.65,5.68,5.7,5.59,21082758.0,118825792.0
2009-05-26,5.76,5.67,5.76,5.66,12594645.0,71935264.0
2009-05-27,5.68,5.67,5.72,5.63,15360538.0,86965200.0
2009-06-01,5.67,5.78,5.79,5.67,15991658.0,92089608.0
2009-06-02,5.8,5.77,5.82,5.76,14408359.0,83288416.0
2009-06-03,5.77,5.83,5.85,5.73,18944906.0,109693064.0
2009-06-04,5.83,5.76,5.86,5.71,15146944.0,87469864.0
2009-06-05,5.78,5.78,5.82,5.73,18287896.0,105665736.0
2009-06-08,5.81,5.77,5.83,5.74,13446021.0,77618864.0
2009-06-09,5.77,5.74,5.79,5.65,15184219.0,86773600.0
2009-06-10,5.75,5.92,5.92,5.73,29195459.0,170790256.0
2009-06-11,5.91,5.89,5.98,5.85,26204360.0,154885072.0
2009-06-12,5.91,5.79,6.02,5.77,23915993.0,141258480.0
2009-06-15,5.82,5.86,5.86,5.76,11604231.0,67401056.0
2009-06-16,5.81,5.86,5.87,5.79,11519997.0,67142224.0
2009-06-17,5.87,5.94,5.98,5.85,16801303.0,99698120.0
2009-06-18,5.98,5.95,5.98,5.89,20813015.0,123661704.0
2009-06-19,6.01,6.1,6.24,6.01,45898622.0,280930464.0
2009-06-22,6.1,5.94,6.13,5.93,27277577.0,163776816.0
2009-06-23,5.88,5.89,5.97,5.83,19226879.0,113233304.0
2009-06-24,5.89,5.93,5.94,5.89,11588654.0,68581776.0
2009-06-25,5.94,5.9,5.96,5.88,12699890.0,75122160.0
2009-06-26,5.9,5.9,5.9,5.9,0.0,0.0
2009-06-29,5.97,5.92,5.99,5.89,19248047.0,113840704.0
2009-06-30,5.94,5.86,5.94,5.86,13365275.0,78757224.0
2009-07-01,5.85,5.93,5.93,5.84,13920702.0,82225728.0
2009-07-02,5.93,5.97,5.98,5.91,20969334.0,124677456.0
2009-07-03,5.94,6.05,6.08,5.9,26282664.0,157702064.0
2009-07-06,6.09,6.03,6.09,5.96,20874116.0,125568240.0
2009-07-07,6.03,6.1,6.23,6.03,41094738.0,252575840.0
2009-07-08,6.08,6.07,6.15,5.99,22322238.0,135511152.0
2009-07-09,6.11,6.25,6.25,6.11,41511172.0,256964960.0
2009-07-10,6.27,6.16,6.3,6.14,30300530.0,187944704.0
2009-07-13,6.16,6.19,6.33,6.15,29149713.0,181437696.0
2009-07-14,6.18,6.25,6.26,6.18,22914947.0,142533376.0
2009-07-15,6.27,6.28,6.37,6.23,29770567.0,187859632.0
2009-07-16,6.34,6.15,6.36,6.13,27880892.0,173889216.0
2009-07-17,6.15,6.13,6.19,6.05,26984679.0,164717392.0
2009-07-20,6.13,6.26,6.27,6.09,30759101.0,190789520.0
2009-07-21,6.27,6.11,6.28,6.09,24936655.0,153786880.0
2009-07-22,6.1,6.18,6.22,6.09,23520707.0,145117152.0
2009-07-23,6.18,6.23,6.24,6.11,21944519.0,135521232.0
2009-07-24,6.25,6.32,6.41,6.2,41991780.0,265139792.0
2009-07-27,6.37,6.48,6.56,6.36,48845989.0,316389248.0
2009-07-28,6.49,6.45,6.5,6.34,27463756.0,175732192.0
2009-07-29,6.45,6.05,6.45,5.88,35689609.0,221840937.0
2009-07-30,6.08,6.11,6.14,5.98,23557530.0,142982448.0
2009-07-31,6.13,6.24,6.28,6.13,23393558.0,145175552.0
2009-08-03,6.29,6.27,6.3,6.2,26413692.0,165227824.0
2009-08-04,6.3,6.46,6.47,6.26,34957112.0,222863344.0
2009-08-05,6.48,6.55,6.72,6.48,45137929.0,297476672.0
2009-08-06,6.6,6.55,6.69,6.44,47999688.0,315558336.0
2009-08-07,6.5,6.32,6.6,6.29,35872457.0,230483568.0
2009-08-10,6.39,6.59,6.62,6.34,41602610.0,270647296.0
2009-08-11,6.64,6.52,6.64,6.44,19414947.0,126675344.0
2009-08-12,6.53,6.2,6.53,6.19,23228228.0,146620320.0
2009-08-13,6.2,6.23,6.28,6.09,15182015.0,94156248.0
2009-08-14,6.21,5.95,6.21,5.95,19193076.0,116246064.0
2009-08-17,5.89,5.67,5.92,5.66,21389913.0,123802224.0
2009-08-18,5.67,5.79,5.83,5.66,12817227.0,73587888.0
2009-08-19,5.91,5.61,5.98,5.59,25100256.0,146215920.0
2009-08-20,5.63,5.7,5.74,5.59,20482195.0,116582824.0
2009-08-21,5.73,5.81,5.86,5.68,18747487.0,107862416.0
2009-08-24,5.88,6.14,6.2,5.81,38078714.0,229707152.0
2009-08-25,6.14,6.0,6.14,5.87,26195468.0,156812928.0
2009-08-26,6.0,6.18,6.26,5.95,26460499.0,163115536.0
2009-08-27,6.19,6.28,6.47,6.19,35477258.0,224918560.0
2009-08-28,6.23,6.0,6.25,5.98,21828595.0,132261584.0
2009-08-31,5.92,5.67,5.92,5.66,18108186.0,104308856.0
2009-09-01,5.67,5.73,5.84,5.65,13670314.0,78658592.0
2009-09-02,5.67,5.73,5.79,5.65,8809145.0,50334004.0
2009-09-03,5.74,5.91,5.91,5.73,17002934.0,99482816.0
2009-09-04,5.91,5.96,6.0,5.84,17358265.0,103238584.0
2009-09-07,6.01,6.14,6.33,5.98,35455476.0,219785248.0
2009-09-08,6.11,6.17,6.2,6.02,22426265.0,137717824.0
2009-09-09,6.23,6.14,6.23,6.06,15611508.0,95584128.0
2009-09-10,6.14,6.02,6.14,5.97,14320564.0,86810512.0
2009-09-11,6.02,6.15,6.16,6.01,15300927.0,93171920.0
2009-09-14,6.16,6.24,6.3,6.12,20980175.0,130494184.0
2009-09-15,6.24,6.19,6.26,6.15,14869879.0,92154160.0
2009-09-16,6.21,6.13,6.24,6.08,13827150.0,84994952.0
2009-09-17,6.17,6.34,6.37,6.13,30056364.0,188489008.0
2009-09-18,6.34,6.17,6.46,6.15,30818232.0,195269776.0
2009-09-21,6.13,6.6,6.64,6.1,63034519.0,406152768.0
2009-09-22,6.61,6.46,6.8,6.44,55752024.0,369632064.0
2009-09-23,6.47,6.28,6.56,6.18,27166655.0,171561840.0
2009-09-24,6.2,6.17,6.28,6.02,15334140.0,94347856.0
2009-09-25,6.16,6.18,6.32,6.13,10595048.0,65984156.0
2009-09-28,6.21,6.03,6.26,6.02,15010801.0,92349048.0
2009-09-29,6.04,5.94,6.05,5.78,12685514.0,74812128.0
2009-09-30,5.95,6.0,6.03,5.88,9209021.0,55220552.0
2009-10-09,6.07,6.22,6.23,6.02,11228042.0,69358096.0
2009-10-12,6.24,6.23,6.3,6.16,11876372.0,73916432.0
2009-10-13,6.21,6.28,6.29,6.16,8236877.0,51429392.0
2009-10-14,6.32,6.26,6.38,6.21,13255587.0,83567864.0
2009-10-15,6.3,6.35,6.36,6.21,15173662.0,95458768.0
2009-10-16,6.36,6.37,6.43,6.25,12709086.0,80680776.0
2009-10-19,6.37,6.44,6.47,6.34,16381814.0,105190944.0
2009-10-20,6.47,6.47,6.47,6.37,17128396.0,109852016.0
2009-10-21,6.43,6.34,6.44,6.31,13367016.0,85155328.0
2009-10-22,6.3,6.35,6.43,6.3,12826330.0,81655440.0
2009-10-23,6.41,6.46,6.47,6.36,25587249.0,164438416.0
2009-10-26,6.49,6.52,6.61,6.47,23072052.0,150840400.0
2009-10-27,6.5,6.37,6.5,6.34,18803417.0,120444712.0
2009-10-28,6.37,6.35,6.39,6.27,11372468.0,71962824.0
2009-10-29,6.26,6.35,6.5,6.25,23433086.0,150334320.0
2009-10-30,6.45,6.82,6.97,6.41,64285615.0,430434816.0
2009-11-02,6.77,7.5,7.5,6.71,100075583.0,723404544.0
2009-11-03,7.51,7.47,7.67,7.31,70458794.0,526830944.0
2009-11-04,7.38,7.44,7.55,7.32,34783675.0,258473744.0
2009-11-05,7.44,7.6,7.82,7.37,45339423.0,344462560.0
2009-11-06,7.62,7.36,7.65,7.35,35974300.0,269432544.0
2009-11-09,7.33,7.42,7.43,7.16,34014895.0,247036448.0
2009-11-10,7.45,7.36,7.66,7.35,31477709.0,236037824.0
2009-11-11,7.3,7.44,7.53,7.27,16660670.0,123709416.0
2009-11-12,7.44,7.45,7.59,7.41,22842382.0,171099056.0
2009-11-13,7.45,7.42,7.55,7.31,18133108.0,134429616.0
2009-11-16,7.45,7.49,7.59,7.43,27112985.0,203733872.0
2009-11-17,7.54,7.6,7.65,7.32,49196685.0,367924960.0
2009-11-18,7.59,8.19,8.37,7.51,77964573.0,621807296.0
2009-11-19,8.14,8.13,8.32,8.03,37793186.0,308414464.0
2009-11-20,8.05,7.91,8.13,7.89,37708585.0,300837856.0
2009-11-23,7.89,8.08,8.14,7.84,27992869.0,224199168.0
2009-11-24,8.12,7.48,8.21,7.3,51785772.0,403432928.0
2009-11-25,7.44,7.6,7.62,7.29,27717438.0,207235200.0
2009-11-26,7.59,7.16,7.59,7.05,36365422.0,265670544.0
2009-11-27,7.09,7.16,7.36,7.07,25584116.0,184491136.0
2009-11-30,7.24,7.4,7.4,7.24,22925885.0,168183760.0
2009-12-01,7.37,7.58,7.71,7.36,26841184.0,203495696.0
2009-12-02,7.64,7.69,7.69,7.48,19728453.0,150255328.0
2009-12-03,7.64,7.62,7.76,7.54,15099537.0,115147976.0
2009-12-04,7.63,7.45,7.79,7.33,29372647.0,221327344.0
2009-12-07,7.44,7.53,7.61,7.44,12737961.0,95774144.0
2009-12-08,7.54,7.44,7.6,7.35,11154251.0,82995944.0
2009-12-09,7.37,7.26,7.48,7.22,13801043.0,101421744.0
2009-12-10,7.3,7.35,7.37,7.22,9104418.0,66475560.0
2009-12-11,7.37,7.34,7.43,7.32,6852339.0,50518600.0
2009-12-14,7.34,7.29,7.37,7.14,9943926.0,71952576.0
2009-12-15,7.31,7.39,7.43,7.23,11247604.0,82872888.0
2009-12-16,7.4,7.49,7.61,7.38,18895391.0,142030112.0
2009-12-17,7.48,7.16,7.51,7.12,16921239.0,122505040.0
2009-12-18,7.22,7.42,7.61,7.22,41548521.0,307826752.0
2009-12-21,7.34,7.29,7.35,7.06,15959458.0,115150896.0
2009-12-22,7.29,7.02,7.29,6.94,19030490.0,134972224.0
2009-12-23,6.98,7.03,7.1,6.93,9905022.0,69566448.0
2009-12-24,7.07,7.19,7.22,7.05,15344389.0,109694616.0
2009-12-25,7.21,7.32,7.38,7.14,16796695.0,122358624.0
2009-12-28,7.35,7.43,7.46,7.34,14316406.0,105778808.0
2009-12-29,7.43,7.41,7.44,7.32,11753375.0,86801872.0
2009-12-30,7.42,7.51,7.54,7.35,23291939.0,173532080.0
2009-12-31,7.48,7.49,7.53,7.41,12518143.0,93503312.0
2010-01-04,7.52,7.39,7.56,7.38,11117110.0,82863728.0
2010-01-05,7.41,7.43,7.46,7.28,12435511.0,91676208.0
2010-01-06,7.41,7.55,7.61,7.39,21865709.0,164817513.0
2010-01-07,7.55,7.34,7.6,7.3,16622858.0,123516784.0
2010-01-08,7.28,7.32,7.36,7.19,9631397.0,70047304.0
2010-01-11,7.41,7.35,7.48,7.28,10152114.0,74835776.0
2010-01-12,7.34,7.59,7.6,7.34,22123731.0,166738836.0
2010-01-13,7.48,7.64,7.74,7.43,28021629.0,213384688.0
2010-01-14,7.64,8.01,8.02,7.59,39024990.0,307568512.0
2010-01-15,8.01,8.14,8.33,7.96,42856873.0,350919200.0
2010-01-18,8.16,8.32,8.51,8.07,33836795.0,281450496.0
2010-01-19,8.33,8.24,8.39,8.19,27196010.0,225232368.0
2010-01-20,8.24,7.84,8.36,7.79,33901963.0,273783168.0
2010-01-21,7.9,7.94,8.16,7.88,25383782.0,203136208.0
2010-01-22,7.85,8.21,8.32,7.76,35540116.0,285792800.0
2010-01-25,8.18,8.13,8.48,8.06,30056771.0,249465504.0
2010-01-26,8.07,8.14,8.25,7.94,27886157.0,225801776.0
2010-01-27,8.05,8.18,8.26,7.95,20450372.0,166435584.0
2010-01-28,8.16,8.6,8.78,8.12,33636262.0,284733984.0
2010-01-29,8.51,8.63,8.89,8.43,35131833.0,305638496.0
2010-02-01,8.65,8.64,8.76,8.44,22941041.0,196792096.0
2010-02-02,8.64,8.34,8.8,8.29,24704909.0,210248352.0
2010-02-03,8.3,8.15,8.4,7.87,19750210.0,160284480.0
2010-02-04,8.17,8.26,8.39,8.16,16772534.0,139009488.0
2010-02-05,8.08,8.58,8.59,8.0,26014286.0,218219936.0
2010-02-08,8.58,8.49,8.66,8.43,16316814.0,139173520.0
2010-02-09,8.49,8.54,8.65,8.48,13843615.0,118485240.0
2010-02-10,8.54,8.55,8.68,8.42,10618436.0,90489008.0
2010-02-11,8.54,8.63,8.65,8.48,13155557.0,112743272.0
2010-02-12,8.67,8.66,8.72,8.58,11225363.0,97270784.0
2010-02-22,8.6,8.41,8.66,8.41,11995042.0,101876888.0
2010-02-23,8.42,8.29,8.53,8.14,18934678.0,156678160.0
2010-02-24,8.33,8.65,8.65,8.3,21887076.0,186666304.0
2010-02-25,8.65,8.76,8.81,8.6,17303368.0,150920800.0
2010-02-26,8.76,8.99,9.06,8.67,21341779.0,191218416.0
2010-03-01,8.99,8.86,9.14,8.8,26418854.0,235275968.0
2010-03-02,8.89,9.01,9.09,8.75,21703577.0,193512400.0
2010-03-03,8.94,8.95,9.1,8.84,11583483.0,104156296.0
2010-03-04,8.9,8.61,9.03,8.58,15297471.0,134046272.0
2010-03-05,8.58,8.6,8.69,8.58,9327203.0,80384584.0
2010-03-08,8.61,8.68,8.74,8.6,7640836.0,66137084.0
2010-03-09,8.58,8.54,8.64,8.53,8887903.0,76254896.0
2010-03-10,8.58,8.59,8.62,8.44,9012020.0,76918928.0
2010-03-11,8.55,8.37,8.58,8.37,10762671.0,90886928.0
2010-03-12,8.38,8.22,8.42,8.19,11458262.0,94766288.0
2010-03-15,8.18,8.25,8.31,8.05,8040527.0,65558048.0
2010-03-16,8.25,8.29,8.29,8.17,4672310.0,38574040.0
2010-03-17,8.32,8.42,8.47,8.3,8158405.0,68649304.0
2010-03-18,8.46,8.38,8.46,8.32,5289738.0,44441544.0
2010-03-19,8.39,8.43,8.47,8.32,4501137.0,37770964.0
2010-03-22,8.43,8.33,8.46,8.19,9169693.0,76135440.0
2010-03-23,8.36,8.22,8.36,8.16,11763649.0,96624360.0
2010-03-24,8.24,8.26,8.31,8.18,8573245.0,70594464.0
2010-03-25,8.19,8.03,8.26,8.01,11913870.0,96562360.0
2010-03-26,8.0,8.08,8.12,7.95,10430131.0,83637120.0
2010-03-29,8.08,8.11,8.18,8.08,9626087.0,78113480.0
2010-03-30,8.15,8.09,8.17,8.05,9321633.0,75468544.0
2010-03-31,8.1,8.28,8.29,8.05,12197974.0,99719560.0
2010-04-01,8.27,8.34,8.37,8.22,12053568.0,100304880.0
2010-04-02,8.35,8.31,8.36,8.28,8313310.0,69207176.0
2010-04-06,8.36,8.25,8.37,8.2,7021192.0,58045816.0
2010-04-07,8.25,8.27,8.31,8.22,6831076.0,56512756.0
2010-04-08,8.26,8.4,8.46,8.23,20940757.0,174746416.0
2010-04-09,8.41,8.46,8.46,8.33,15610248.0,131159304.0
2010-04-12,8.47,8.76,8.87,8.41,30821222.0,267067440.0
2010-04-13,8.75,8.56,8.86,8.37,19222502.0,165739488.0
2010-04-14,8.56,8.82,8.84,8.49,19667575.0,171104192.0
2010-04-15,8.73,8.59,8.8,8.58,10152212.0,88132736.0
2010-04-16,8.55,8.58,8.64,8.44,7724586.0,66037700.0
2010-04-19,8.51,8.17,8.73,8.12,13100278.0,110918496.0
2010-04-20,8.12,8.35,8.41,8.03,11393753.0,94121904.0
2010-04-21,8.41,8.77,8.81,8.37,25969561.0,224777408.0
2010-04-22,8.76,8.96,9.1,8.63,30409637.0,270656064.0
2010-04-23,8.91,8.9,9.06,8.72,17022181.0,151488144.0
2010-04-26,8.93,9.4,9.47,8.89,45521759.0,422124256.0
2010-04-27,9.36,9.5,9.58,9.31,53234159.0,502883552.0
2010-04-28,9.5,9.4,9.5,9.17,21444751.0,200675872.0
2010-04-29,9.4,8.96,9.54,8.94,23162465.0,213970928.0
2010-04-30,8.94,8.88,8.98,8.58,21456651.0,188313472.0
2010-05-04,8.79,9.33,9.47,8.62,24371068.0,225919888.0
2010-05-05,9.3,9.68,9.73,9.12,28614213.0,272060896.0
2010-05-06,9.67,9.47,9.98,9.41,28929672.0,282300000.0
2010-05-07,9.25,9.77,9.81,9.21,31904150.0,304793248.0
2010-05-10,9.69,9.35,9.78,9.19,32802102.0,311564992.0
2010-05-11,9.44,8.91,9.54,8.87,21040427.0,194811232.0
2010-05-12,8.76,8.96,9.15,8.66,16390088.0,146398752.0
2010-05-13,8.89,9.85,9.85,8.8,22334681.0,211730672.0
2010-05-14,9.92,10.09,10.41,9.69,37665573.0,379638656.0
2010-05-17,9.87,9.6,10.28,9.54,31714398.0,313307264.0
2010-05-18,9.53,9.57,9.71,9.01,23064356.0,216699776.0
2010-05-19,9.42,9.84,9.9,9.3,18504320.0,178893296.0
2010-05-20,9.78,9.44,9.91,9.41,16271895.0,156522544.0
2010-05-21,9.09,9.57,9.6,9.03,15967853.0,149506064.0
2010-05-24,9.56,9.76,9.89,9.53,21706295.0,211406816.0
2010-05-25,9.72,10.22,10.23,9.66,25292900.0,251564800.0
2010-05-26,10.08,9.97,10.15,9.87,15970453.0,159807968.0
2010-05-27,9.96,10.05,10.28,9.9,24509418.0,247327568.0
2010-05-28,10.11,10.38,10.59,9.99,30502280.0,316076352.0
2010-05-31,10.38,10.28,10.68,10.26,24495870.0,256146320.0
2010-06-01,10.17,10.04,10.33,9.79,15709713.0,157743600.0
2010-06-02,10.02,10.15,10.17,9.72,11753973.0,116326224.0
2010-06-03,10.18,10.11,10.37,10.04,17316354.0,177043488.0
2010-06-04,9.94,9.98,10.05,9.82,11332289.0,112583960.0
2010-06-07,9.76,10.02,10.1,9.74,9784692.0,97394440.0
2010-06-08,9.91,10.13,10.15,9.85,12934811.0,129987384.0
2010-06-09,10.13,10.33,10.44,10.11,12275550.0,126433600.0
2010-06-10,10.32,10.25,10.42,10.18,11525483.0,118105960.0
2010-06-11,10.28,9.92,10.29,9.9,24600625.0,246043616.0
2010-06-17,9.92,9.22,9.97,9.15,40103554.0,376322816.0
2010-06-18,9.15,8.72,9.15,8.56,46802297.0,410788416.0
2010-06-21,8.65,8.75,8.86,8.59,15352601.0,134618032.0
2010-06-22,8.75,8.75,8.75,8.75,0.0,0.0
2010-06-23,8.78,8.88,8.98,8.65,18392004.0,162369664.0
2010-06-24,8.85,8.69,8.85,8.66,11005515.0,96278192.0
2010-06-25,8.68,8.26,8.69,8.16,22379078.0,186304816.0
2010-06-28,8.25,8.19,8.32,8.09,8394533.0,68815344.0
2010-06-29,8.21,7.86,8.27,7.81,11690209.0,92842192.0
2010-06-30,7.79,8.07,8.14,7.73,15025454.0,120219624.0
2010-07-01,8.01,7.96,8.08,7.83,15223935.0,120800344.0
2010-07-02,7.91,7.79,8.0,7.48,11962203.0,92285120.0
2010-07-05,7.7,7.79,7.86,7.56,7328331.0,56591772.0
2010-07-06,7.79,7.89,8.05,7.79,14768061.0,116660320.0
2010-07-07,7.89,7.98,7.98,7.87,7445730.0,58949816.0
2010-07-08,8.01,7.87,8.03,7.75,9487246.0,74653432.0
2010-07-09,7.88,8.09,8.12,7.78,13778121.0,110504448.0
2010-07-12,8.08,8.1,8.16,8.01,10852983.0,87866000.0
2010-07-13,8.08,7.88,8.08,7.87,7967472.0,63376840.0
2010-07-14,7.82,7.91,8.04,7.82,7577349.0,60127896.0
2010-07-15,7.92,7.86,8.02,7.85,7011287.0,55722624.0
2010-07-16,7.85,7.77,7.85,7.62,8161255.0,63053360.0
2010-07-19,7.72,7.96,7.97,7.66,11744994.0,92698344.0
2010-07-20,8.01,8.28,8.3,8.01,17483559.0,143452416.0
2010-07-21,8.3,8.23,8.34,8.2,9723258.0,80175784.0
2010-07-22,8.2,8.36,8.37,8.2,10388517.0,86177888.0
2010-07-23,8.43,8.46,8.48,8.33,12033082.0,101255648.0
2010-07-26,8.46,8.53,8.55,8.34,10945934.0,92496032.0
2010-07-27,8.52,8.44,8.52,8.38,10592406.0,89442656.0
2010-07-28,8.45,8.7,8.8,8.4,15478939.0,133005632.0
2010-07-29,8.7,8.65,8.78,8.46,16546151.0,142666816.0
2010-07-30,8.59,8.53,8.62,8.46,11129842.0,94801360.0
2010-08-02,8.51,8.74,8.8,8.51,13064856.0,113619504.0
2010-08-03,8.74,8.52,8.77,8.52,13893389.0,119729240.0
2010-08-04,8.47,8.45,8.52,8.27,15555531.0,129924688.0
2010-08-05,8.44,8.64,8.74,8.41,19227770.0,165809696.0
2010-08-06,8.68,9.0,9.07,8.59,22879599.0,202227792.0
2010-08-09,9.03,9.3,9.58,9.02,24779525.0,230860848.0
2010-08-10,9.35,9.08,9.39,9.01,16140216.0,148385264.0
2010-08-11,9.05,9.24,9.37,9.03,15183583.0,139934592.0
2010-08-12,9.1,9.28,9.46,9.08,15389746.0,143078784.0
2010-08-13,9.28,9.38,9.4,9.14,9684407.0,90196912.0
2010-08-16,9.39,9.71,9.79,9.39,16903035.0,163308160.0
2010-08-17,9.66,9.65,9.8,9.55,8986716.0,86685696.0
2010-08-18,9.65,9.46,9.7,9.35,15384744.0,145759472.0
2010-08-19,9.45,9.51,9.66,9.37,13439501.0,127911776.0
2010-08-20,9.49,9.07,9.49,9.01,19104729.0,174934528.0
2010-08-23,9.07,9.06,9.14,9.0,13177605.0,119395984.0
2010-08-24,9.1,9.23,9.24,9.03,13734463.0,125206208.0
2010-08-25,9.15,8.96,9.17,8.95,9301278.0,84144800.0
2010-08-26,8.95,9.02,9.09,8.94,7095543.0,64048160.0
2010-08-27,9.03,9.16,9.17,8.92,6817809.0,62060304.0
2010-08-30,9.17,9.35,9.46,9.17,13066118.0,122239384.0
2010-08-31,9.33,9.38,9.4,9.2,13103435.0,121890672.0
2010-09-01,9.42,9.46,9.65,9.3,22822270.0,216378944.0
2010-09-02,9.49,9.51,9.64,9.45,16909054.0,161718672.0
2010-09-03,9.57,9.39,9.57,9.31,13089371.0,123297416.0
2010-09-06,9.4,9.45,9.62,9.39,22428567.0,213789216.0
2010-09-07,9.45,9.44,9.55,9.38,13537845.0,128009176.0
2010-09-08,9.46,9.68,9.72,9.42,29174998.0,280156064.0
2010-09-09,9.72,9.65,9.96,9.64,24963161.0,244589968.0
2010-09-10,9.65,10.62,10.62,9.57,43855840.0,449366688.0
2010-09-13,10.61,10.7,10.86,10.44,38721525.0,414052352.0
2010-09-14,10.67,11.16,11.22,10.54,35604571.0,390339968.0
2010-09-15,10.97,10.91,11.44,10.77,32557591.0,362133504.0
2010-09-16,10.79,10.84,10.91,10.39,29541333.0,314409152.0
2010-09-17,10.61,11.32,11.55,10.61,23981277.0,269898496.0
2010-09-20,11.32,10.98,11.58,10.97,11867428.0,132958272.0
2010-09-21,10.97,10.89,11.29,10.86,7859429.0,86920000.0
2010-09-27,10.92,11.57,11.58,10.83,14623981.0,165172944.0
2010-09-28,11.51,11.65,11.83,11.31,11060713.0,127609216.0
2010-09-29,11.6,11.74,11.76,11.32,10249762.0,118977968.0
2010-09-30,11.68,12.11,12.37,11.51,12536593.0,151122416.0
2010-10-08,12.18,12.03,12.48,11.87,12615609.0,154164240.0
2010-10-11,11.98,11.26,11.98,11.12,36477650.0,417974208.0
2010-10-12,11.15,11.14,11.36,10.93,19177868.0,213080800.0
2010-10-13,11.08,11.19,11.2,10.86,20285119.0,223096832.0
2010-10-14,11.25,10.63,11.25,10.57,31489573.0,339612704.0
2010-10-15,10.57,10.67,10.88,10.43,18577075.0,198809280.0
2010-10-18,10.63,11.15,11.21,10.21,31375300.0,337147296.0
2010-10-19,11.03,11.22,11.34,10.92,19442886.0,216429632.0
2010-10-20,11.13,11.54,11.6,10.97,26098762.0,299043424.0
2010-10-21,11.47,11.86,12.06,11.44,25602063.0,303343584.0
2010-10-22,11.81,11.79,12.01,11.6,19722083.0,231878768.0
2010-10-25,11.75,11.68,11.75,11.44,19287222.0,222747040.0
2010-10-26,11.68,12.85,12.85,11.44,35850582.0,440518688.0
2010-10-27,12.85,12.63,13.56,12.61,33389174.0,438844576.0
2010-10-28,12.53,13.29,13.55,12.38,23462966.0,306470880.0
2010-10-29,13.07,13.38,13.61,12.95,17479445.0,233321088.0
2010-11-01,13.31,13.38,13.59,13.13,16286660.0,217265408.0
2010-11-02,13.37,13.03,13.41,12.85,20736884.0,269707616.0
2010-11-03,12.97,12.77,13.2,12.68,12841553.0,165228400.0
2010-11-04,12.67,12.93,12.95,12.56,14438777.0,183495424.0
2010-11-05,12.91,12.94,13.24,12.84,9884884.0,128825808.0
2010-11-08,12.95,13.38,13.46,12.88,18851297.0,248874752.0
2010-11-09,13.32,13.82,14.03,13.19,18032816.0,247053952.0
2010-11-10,13.85,13.7,14.39,13.58,22271349.0,311398144.0
2010-11-11,13.59,13.45,13.88,13.45,13481379.0,184746544.0
2010-11-12,13.44,13.08,13.84,12.73,17601404.0,232395296.0
2010-11-15,13.26,13.91,14.03,13.13,14700756.0,200091584.0
2010-11-16,13.91,13.93,14.57,13.27,19904478.0,278777664.0
2010-11-17,13.63,12.62,13.85,12.54,19804094.0,261994544.0
2010-11-18,12.65,12.62,12.94,12.35,10497522.0,132609280.0
2010-11-19,12.7,13.29,13.43,12.7,13944806.0,180964880.0
2010-11-22,13.26,13.37,13.7,13.0,15030146.0,202372960.0
2010-11-23,13.23,13.36,13.74,13.13,20329495.0,273963232.0
2010-11-24,13.3,14.1,14.13,13.3,23282036.0,319463904.0
2010-11-25,14.23,14.23,14.93,14.1,23465666.0,340409152.0
2010-11-26,14.22,14.35,14.51,14.03,11429765.0,163198304.0
2010-11-29,14.3,14.54,14.74,14.07,11916762.0,172928288.0
2010-11-30,14.55,14.32,14.55,13.85,15691882.0,221909248.0
2010-12-01,14.02,13.91,14.33,13.83,10776229.0,150498032.0
2010-12-02,14.02,13.72,14.1,13.35,11693913.0,160341856.0
2010-12-03,13.62,13.23,13.7,13.19,12852322.0,171424304.0
2010-12-06,13.36,13.04,13.36,12.55,17373093.0,223996784.0
2010-12-07,12.87,13.3,13.31,12.72,8763439.0,114893952.0
2010-12-08,13.28,13.09,13.43,13.0,8698592.0,115116904.0
2010-12-09,12.91,12.81,13.08,12.76,6156174.0,79493728.0
2010-12-10,12.7,13.11,13.22,12.7,4091681.0,53436336.0
2010-12-13,13.18,13.37,13.45,13.12,12689359.0,168449872.0
2010-12-14,13.38,13.22,13.41,13.12,12063754.0,159328016.0
2010-12-15,13.22,13.26,13.35,12.98,10636889.0,139953008.0
2010-12-16,13.27,13.34,13.52,13.23,11499333.0,154209200.0
2010-12-17,13.38,13.0,13.38,12.93,16000866.0,208198240.0
2010-12-20,13.0,12.86,13.17,12.57,9097419.0,117072552.0
2010-12-21,12.89,12.62,12.95,12.57,15909801.0,202013440.0
2010-12-22,12.62,12.37,12.71,12.35,11808995.0,147543856.0
2010-12-23,12.36,12.7,12.85,12.36,13978236.0,177326096.0
2010-12-24,12.66,12.21,12.66,12.01,7406526.0,90914912.0
2010-12-27,12.19,11.61,12.31,11.01,7356950.0,88162584.0
2010-12-28,11.45,11.22,11.61,11.22,9533281.0,108046264.0
2010-12-29,11.26,11.58,11.63,11.26,8927116.0,102685344.0
2010-12-30,11.58,12.02,12.05,11.51,9321762.0,111004696.0
2010-12-31,12.05,12.33,12.46,12.01,13472970.0,164944432.0
2011-01-04,12.3,12.11,12.3,12.01,11177114.0,135006048.0
2011-01-05,12.09,12.19,12.47,12.01,10399119.0,127515200.0
2011-01-06,12.18,11.9,12.43,11.8,10649043.0,128467648.0
2011-01-07,11.89,11.72,11.99,11.67,10454652.0,123424456.0
2011-01-10,11.8,11.51,11.8,11.47,7349979.0,85193352.0
2011-01-11,11.4,11.51,11.61,11.38,5232069.0,60189252.0
2011-01-12,11.58,11.56,11.6,11.38,2453167.0,28216048.0
2011-01-13,11.56,11.68,11.76,11.51,3789134.0,44228884.0
2011-01-14,11.69,11.38,11.69,11.15,6818182.0,77942816.0
2011-01-17,11.26,10.66,11.36,10.65,8252026.0,89867152.0
2011-01-18,10.66,10.77,10.83,10.56,3565144.0,38272884.0
2011-01-19,10.77,10.96,10.97,10.7,4075640.0,44350020.0
2011-01-20,10.97,10.42,10.99,10.39,5139262.0,54419876.0
2011-01-21,10.41,10.48,10.7,10.32,4918851.0,51677536.0
2011-01-24,10.5,10.2,10.57,10.14,6235413.0,63840968.0
2011-01-25,10.21,10.17,10.39,10.07,4262220.0,43667728.0
2011-01-26,10.18,10.51,10.54,10.18,4975540.0,52089376.0
2011-01-27,10.49,10.82,10.83,10.38,7201180.0,76503616.0
2011-01-28,10.81,10.79,10.95,10.75,7742381.0,83975496.0
2011-01-31,10.81,10.93,10.95,10.72,9188514.0,99405672.0
2011-02-01,10.93,11.02,11.25,10.9,7244731.0,80395360.0
2011-02-09,11.02,10.86,11.19,10.83,3317904.0,36416844.0
2011-02-10,10.76,11.24,11.29,10.76,5932791.0,65994664.0
2011-02-11,11.36,11.22,11.51,11.16,6614304.0,74551088.0
2011-02-14,11.27,11.41,11.49,11.27,7566809.0,85976144.0
2011-02-15,11.38,11.52,11.55,11.21,17347585.0,196635072.0
2011-02-16,11.47,11.34,11.47,11.25,15986262.0,181150480.0
2011-02-17,11.39,11.17,11.4,11.08,13240342.0,148355584.0
2011-02-18,11.15,11.07,11.17,10.98,8364556.0,92506504.0
2011-02-21,10.99,11.31,11.32,10.93,9142094.0,102199272.0
2011-02-22,11.29,11.79,11.9,11.28,40681669.0,472528128.0
2011-02-23,11.71,12.64,12.89,11.69,45902997.0,572622208.0
2011-02-24,12.51,12.5,12.61,12.16,14780415.0,183392976.0
2011-02-25,12.44,12.4,12.84,12.37,18366316.0,232098448.0
2011-02-28,12.41,12.61,12.61,12.31,11666099.0,145303808.0
2011-03-01,12.63,12.51,12.71,12.34,11161009.0,139270720.0
2011-03-02,12.47,12.22,12.47,12.08,13390706.0,163709440.0
2011-03-03,12.23,11.86,12.36,11.76,11434110.0,137339216.0
2011-03-04,11.88,12.04,12.17,11.87,6507852.0,78034528.0
2011-03-07,12.01,12.04,12.22,11.9,8524966.0,102642584.0
2011-03-08,12.06,12.22,12.3,12.04,9377027.0,114445480.0
2011-03-09,12.24,12.08,12.34,11.99,7196798.0,87169112.0
2011-03-10,12.13,12.58,12.8,12.02,28606323.0,358657216.0
2011-03-11,12.59,12.84,13.07,12.51,32619235.0,419395296.0
2011-03-14,13.02,13.72,13.92,13.02,57916610.0,784996416.0
2011-03-15,13.67,13.73,13.98,13.49,33544457.0,459513088.0
2011-03-16,13.72,13.93,14.23,13.59,38816271.0,541208064.0
2011-03-17,13.93,14.35,14.74,13.64,46906390.0,669407744.0
2011-03-18,14.51,14.35,14.57,13.74,50630657.0,710598592.0
2011-03-21,14.31,13.82,14.42,13.77,43185988.0,604437952.0
2011-03-22,13.98,13.53,14.21,13.31,60543266.0,826507968.0
2011-03-23,13.44,13.62,13.65,13.23,36039517.0,483772192.0
2011-03-24,13.59,13.5,13.75,13.38,25706162.0,348084960.0
2011-03-25,13.45,13.43,13.57,13.39,26498671.0,356714368.0
2011-03-28,13.66,13.54,13.75,13.48,24327704.0,330625152.0
2011-03-29,13.48,13.07,13.49,12.98,25638852.0,338473024.0
2011-03-30,12.96,13.13,13.27,12.95,12070380.0,159018192.0
2011-03-31,13.25,12.87,13.25,12.72,14712473.0,190061616.0
2011-04-01,12.84,13.4,13.44,12.82,19549994.0,257335584.0
2011-04-06,13.31,13.13,13.4,13.09,14407018.0,189979616.0
2011-04-07,13.15,13.59,13.68,13.13,25983952.0,348626400.0
2011-04-08,13.52,13.66,13.67,13.44,17407752.0,236491136.0
2011-04-11,13.67,13.62,13.97,13.59,21624191.0,297798976.0
2011-04-12,13.57,13.4,13.67,13.35,14542309.0,196032704.0
2011-04-13,13.4,13.64,13.72,13.27,14562890.0,197446864.0
2011-04-14,13.62,13.46,13.63,13.44,11516806.0,155475552.0
2011-04-15,13.45,13.38,13.49,13.03,19014346.0,251908128.0
2011-04-18,13.27,13.28,13.41,13.2,9312339.0,123757400.0
2011-04-19,13.21,13.62,13.77,13.13,23242230.0,313823712.0
2011-04-20,13.59,14.12,14.13,13.56,33599169.0,463860704.0
2011-04-21,14.05,14.2,14.37,13.99,34160565.0,484649952.0
2011-04-22,14.13,13.95,14.23,13.92,17150478.0,240756800.0
2011-04-25,13.94,13.59,13.94,13.58,16381353.0,224386416.0
2011-04-26,13.55,13.49,13.76,13.47,16151049.0,219927536.0
2011-04-27,13.53,13.62,13.86,13.45,13585442.0,185448464.0
2011-04-28,13.57,13.06,13.78,12.7,19347901.0,256683856.0
2011-04-29,13.05,13.17,13.18,12.88,8646249.0,113263008.0
2011-05-03,13.16,13.32,13.41,13.09,10138305.0,134840944.0
2011-05-04,13.32,13.27,13.61,13.22,13405966.0,179657296.0
2011-05-05,13.2,13.5,13.59,13.08,12589698.0,168752464.0
2011-05-06,13.31,13.7,13.85,13.27,15329248.0,209505872.0
2011-05-09,13.67,13.42,13.87,13.35,15912510.0,216144576.0
2011-05-10,13.43,13.4,13.52,13.24,8508753.0,113602288.0
2011-05-11,13.34,13.65,13.68,13.28,11244110.0,152051776.0
2011-05-12,13.56,13.47,13.86,13.44,17007854.0,232833696.0
2011-05-13,13.48,13.59,13.62,13.26,11736096.0,157411088.0
2011-05-16,13.52,13.78,13.85,13.48,17331219.0,238378128.0
2011-05-17,13.74,13.71,13.84,13.49,13101992.0,178966992.0
2011-05-18,13.7,14.06,14.16,13.59,26814962.0,374559520.0
2011-05-19,13.98,14.0,14.19,13.67,17863522.0,250382880.0
2011-05-20,13.98,13.88,14.18,13.84,11258396.0,157606128.0
2011-05-23,13.81,13.01,13.82,12.94,28934776.0,384951584.0
2011-05-24,13.08,12.94,13.08,12.8,11723447.0,151471232.0
2011-05-25,12.91,12.67,13.08,12.59,13589023.0,174564640.0
2011-05-26,12.77,12.01,12.84,11.9,27352743.0,335869152.0
2011-05-27,11.94,11.65,12.05,11.59,15068297.0,176806640.0
2011-05-30,11.56,11.62,11.81,11.42,9168887.0,106454616.0
2011-05-31,11.63,11.94,11.95,11.6,10007112.0,117964736.0
2011-06-01,11.94,11.93,12.03,11.83,8787877.0,104891992.0
2011-06-02,11.76,11.76,11.87,11.58,7202459.0,84428656.0
2011-06-03,11.76,12.24,12.28,11.69,14830325.0,179727584.0
2011-06-07,12.17,12.34,12.54,12.12,7984519.0,98709712.0
2011-06-08,12.3,12.3,12.35,12.11,6499756.0,79457216.0
2011-06-09,12.19,11.94,12.3,11.94,7445453.0,90159160.0
2011-06-10,11.87,11.99,12.0,11.8,8690767.0,103276672.0
2011-06-13,11.91,11.99,12.01,11.71,5213565.0,61866428.0
2011-06-14,11.97,12.14,12.26,11.94,6427543.0,78077136.0
2011-06-15,12.17,11.96,12.18,11.94,5124328.0,61872620.0
2011-06-16,11.86,11.64,11.86,11.57,6187502.0,72549456.0
2011-06-17,11.64,11.61,11.79,11.58,4325963.0,50573060.0
2011-06-20,11.55,11.29,11.6,11.15,7068225.0,80483160.0
2011-06-21,11.31,11.41,11.43,11.18,5551886.0,63006280.0
2011-06-22,11.49,11.7,11.83,11.45,10278290.0,120466656.0
2011-06-23,11.66,12.22,12.35,11.63,20164661.0,245048160.0
2011-06-24,12.22,12.22,12.22,12.22,0.0,0.0
2011-06-27,12.56,12.3,12.56,12.26,15968147.0,197949664.0
2011-06-28,12.31,12.73,12.88,12.3,17664293.0,224395984.0
2011-06-29,12.72,12.74,13.03,12.7,16088299.0,207068672.0
2011-06-30,12.65,12.82,12.98,12.64,13428023.0,172489440.0
2011-07-01,12.89,13.3,13.31,12.76,21185127.0,275770848.0
2011-07-04,13.29,13.93,14.11,13.24,32550879.0,445108224.0
2011-07-05,13.86,13.97,13.98,13.66,26515857.0,366323200.0
2011-07-06,14.22,14.11,14.89,14.03,63194168.0,914017728.0
2011-07-07,14.22,14.75,14.91,13.95,60409513.0,879509888.0
2011-07-08,14.67,14.69,14.87,14.4,36095494.0,528749696.0
2011-07-11,14.73,14.8,15.08,14.46,49043160.0,725489664.0
2011-07-12,15.01,14.9,15.35,14.81,42326226.0,637842432.0
2011-07-13,14.51,14.84,14.87,14.24,58249148.0,850701248.0
2011-07-14,14.84,15.08,15.31,14.51,58347904.0,873015168.0
2011-07-15,15.01,16.59,16.59,14.86,98263272.0,1571026304.0
2011-07-18,17.0,17.74,18.09,16.83,133579454.0,2328016640.0
2011-07-19,17.69,17.21,17.69,17.0,61525852.0,1063486592.0
2011-07-20,17.28,17.52,17.58,16.78,57384677.0,985552448.0
2011-07-21,17.48,17.05,17.48,16.96,38583465.0,662485760.0
2011-07-22,17.09,16.67,17.28,16.6,49557511.0,835025536.0
2011-07-25,16.69,15.66,16.69,15.46,52714033.0,838211712.0
2011-07-26,15.65,15.78,15.82,15.46,27414802.0,430187168.0
2011-07-27,15.7,16.22,16.37,15.25,40605731.0,643068736.0
2011-07-28,15.87,15.92,16.04,15.62,23827773.0,377361664.0
2011-07-29,15.86,15.48,16.02,15.29,23306177.0,364092224.0
2011-08-01,15.49,15.56,15.76,15.48,13054233.0,203890112.0
2011-08-02,15.52,15.64,15.67,14.98,22793425.0,347356928.0
2011-08-03,15.4,15.56,15.92,15.24,19729532.0,309266976.0
2011-08-04,15.6,15.53,15.82,15.37,17648846.0,274648768.0
2011-08-05,15.05,15.23,15.42,14.87,16765939.0,254734128.0
2011-08-08,14.87,14.33,15.04,13.77,32040545.0,462732352.0
2011-08-09,13.78,14.58,14.83,13.52,28695589.0,408002176.0
2011-08-10,14.92,14.63,15.01,14.51,24347431.0,360775296.0
2011-08-11,14.33,15.56,15.58,14.2,38068904.0,572633344.0
2011-08-12,15.62,15.44,15.73,15.42,29672427.0,461169248.0
2011-08-15,15.44,15.53,15.64,15.3,17094347.0,264495920.0
2011-08-16,15.51,15.27,15.54,15.19,15883974.0,244041760.0
2011-08-17,15.28,15.32,15.58,15.24,12754694.0,196631760.0
2011-08-18,15.33,15.15,15.44,15.07,10753848.0,164235424.0
2011-08-19,14.85,14.88,15.11,14.76,11725297.0,174516976.0
2011-08-22,14.9,14.53,14.97,14.41,13398070.0,196454608.0
2011-08-23,14.42,14.76,14.8,14.41,8509990.0,124332992.0
2011-08-24,14.83,14.63,14.96,14.6,8538683.0,126318640.0
2011-08-25,14.69,14.91,14.92,14.51,14230333.0,209975296.0
2011-08-26,14.86,14.82,14.95,14.75,9348924.0,138737360.0
2011-08-29,14.78,14.74,14.87,14.63,8101827.0,119284112.0
2011-08-30,14.83,14.8,15.11,14.76,12444482.0,186073392.0
2011-08-31,14.77,14.68,14.87,14.58,7160798.0,104995744.0
2011-09-01,14.74,14.59,14.8,14.51,7507880.0,109710096.0
2011-09-02,14.51,14.38,14.62,14.36,7667825.0,111129288.0
2011-09-05,14.33,13.89,14.36,13.87,9444955.0,133108152.0
2011-09-06,13.81,13.76,13.88,13.69,6236738.0,85855832.0
2011-09-07,13.88,13.95,14.02,13.78,7321601.0,101954400.0
2011-09-08,14.01,14.05,14.28,13.86,9802977.0,137640848.0
2011-09-09,13.97,13.92,14.22,13.88,5801660.0,81289656.0
2011-09-13,13.69,13.76,13.87,13.63,4913429.0,67439808.0
2011-09-14,13.77,13.84,13.88,13.51,5936396.0,81311872.0
2011-09-15,13.83,13.98,14.24,13.8,7947558.0,111754512.0
2011-09-16,14.01,14.0,14.17,13.97,4040879.0,56648432.0
2011-09-19,13.97,13.71,13.97,13.7,4374480.0,60166280.0
2011-09-20,13.71,13.7,13.79,13.6,4135037.0,56617788.0
2011-09-21,13.72,14.02,14.12,13.6,8630775.0,120018912.0
2011-09-22,13.93,13.74,14.1,13.68,8868032.0,123492944.0
2011-09-23,13.51,13.58,13.76,13.42,7005776.0,94968160.0
2011-09-26,13.5,13.36,13.67,13.34,5995061.0,80736480.0
2011-09-27,13.5,13.44,13.58,13.34,4390085.0,58973120.0
2011-09-28,13.54,13.27,13.59,13.25,6093625.0,81776120.0
2011-09-29,13.24,12.74,13.24,12.7,8309580.0,106965984.0
2011-09-30,12.74,12.39,12.91,12.2,8304824.0,103330712.0
2011-10-10,12.42,12.14,12.57,12.06,5674908.0,69300896.0
2011-10-11,12.43,12.0,12.56,11.86,6506200.0,79335544.0
2011-10-12,11.79,12.58,12.67,11.79,11176485.0,137912928.0
2011-10-13,12.59,12.93,13.04,12.43,11475491.0,147720032.0
2011-10-14,12.88,12.83,13.01,12.67,6306529.0,80698936.0
2011-10-17,12.84,12.95,13.1,12.79,5823649.0,75451944.0
2011-10-18,12.86,12.45,12.86,12.42,5796792.0,73177976.0
2011-10-19,12.47,12.56,12.66,12.33,4324896.0,54115652.0
2011-10-20,12.42,12.22,12.5,12.18,4151421.0,51041532.0
2011-10-21,12.15,12.47,12.58,12.11,6548079.0,80771808.0
2011-10-24,12.52,12.77,12.83,12.35,7654696.0,96891320.0
2011-10-25,12.78,13.1,13.25,12.72,11733009.0,152548000.0
2011-10-26,13.0,13.16,13.44,12.93,13507197.0,179147600.0
2011-10-27,13.17,13.05,13.33,12.96,7744293.0,101764248.0
2011-10-28,13.17,13.27,13.36,13.04,8723359.0,115177712.0
2011-10-31,13.27,13.5,13.57,13.15,10330398.0,138629296.0
2011-11-01,13.42,13.36,13.56,13.23,9348246.0,125120128.0
2011-11-02,13.23,13.61,13.66,13.1,10642156.0,142447056.0
2011-11-03,13.61,14.46,14.73,13.61,27925481.0,400267936.0
2011-11-04,14.37,14.77,14.92,14.37,22805503.0,334309856.0
2011-11-07,14.76,14.6,14.96,14.59,14693218.0,216375104.0
2011-11-08,14.6,14.32,14.69,14.24,11673849.0,168276256.0
2011-11-09,14.4,14.63,14.76,14.37,13241045.0,193409392.0
2011-11-10,14.33,14.85,15.05,14.33,25335809.0,376434400.0
2011-11-11,14.84,14.69,15.02,14.6,12360433.0,183157312.0
2011-11-14,14.79,15.1,15.11,14.79,14963960.0,224598224.0
2011-11-15,15.02,15.2,15.41,15.02,12024413.0,183300336.0
2011-11-16,15.24,14.76,15.36,14.52,16470193.0,245329152.0
2011-11-17,14.74,14.67,14.89,14.58,9522113.0,140275792.0
2011-11-18,14.6,14.32,14.6,14.13,9072283.0,130094024.0
2011-11-21,14.16,14.55,14.56,13.97,7237519.0,104217240.0
2011-11-22,14.44,14.65,14.69,14.34,7441530.0,108556816.0
2011-11-23,14.74,14.84,14.92,14.58,9277110.0,137039744.0
2011-11-24,14.69,14.85,14.99,14.6,8791165.0,130313720.0
2011-11-25,14.87,14.58,14.94,14.54,6795045.0,100017216.0
2011-11-28,14.6,14.46,14.67,14.2,5897170.0,85165088.0
2011-11-29,14.53,14.96,15.0,14.53,15252206.0,226821712.0
2011-11-30,14.96,14.96,14.96,14.96,0.0,0.0
2011-12-01,14.92,15.14,15.28,14.78,26536062.0,400608320.0
2011-12-02,15.1,14.67,15.1,14.54,11373335.0,168372304.0
2011-12-05,14.69,14.31,14.76,14.25,8091173.0,116826408.0
2011-12-06,14.29,14.29,14.44,13.98,6791952.0,96693288.0
2011-12-07,14.32,14.23,14.41,14.11,4017474.0,57311848.0
2011-12-08,14.23,14.3,14.48,13.99,5691856.0,80976744.0
2011-12-09,14.24,14.07,14.39,13.92,5652960.0,79836384.0
2011-12-12,14.1,13.77,14.15,13.76,4919760.0,68577744.0
2011-12-13,13.61,13.04,13.61,12.97,7795697.0,103247232.0
2011-12-14,12.97,13.03,13.18,12.79,5134157.0,66836024.0
2011-12-15,12.96,12.92,13.18,12.86,6088050.0,79083544.0
2011-12-16,12.88,13.29,13.29,12.88,6103448.0,80079760.0
2011-12-19,13.32,13.46,13.53,13.06,5237129.0,69554560.0
2011-12-20,13.41,13.41,13.78,13.37,5339422.0,72495616.0
2011-12-21,13.6,13.21,13.69,13.2,3652198.0,49148232.0
2011-12-22,13.15,13.29,13.44,12.81,6126432.0,80407336.0
2011-12-23,13.12,13.29,13.45,13.12,3324434.0,44267600.0
2011-12-26,13.22,13.1,13.38,13.09,3083997.0,40702192.0
2011-12-27,13.6,12.8,13.6,12.79,6701264.0,87773936.0
2011-12-28,12.69,12.6,12.69,12.18,6140039.0,75958416.0
2011-12-29,12.52,12.61,12.7,12.42,3350713.0,42264704.0
2011-12-30,12.74,12.72,12.87,12.62,4147639.0,52810024.0
2012-01-04,12.81,12.56,12.97,12.55,3706958.0,47216688.0
2012-01-05,12.48,11.92,12.48,11.82,7614724.0,92412936.0
2012-01-06,11.95,12.09,12.1,11.78,3980730.0,47531804.0
2012-01-09,12.12,12.57,12.58,11.96,5499865.0,67859248.0
2012-01-10,12.57,12.97,13.01,12.52,8795099.0,112933328.0
2012-01-11,13.01,12.97,13.23,12.9,7959002.0,103892488.0
2012-01-12,12.92,12.97,13.1,12.81,5181299.0,67137744.0
2012-01-13,13.03,12.41,13.03,12.36,7720606.0,97441016.0
2012-01-16,12.23,11.72,12.41,11.68,11137876.0,133095936.0
2012-01-17,11.83,12.39,12.43,11.73,7726480.0,93605320.0
2012-01-18,12.4,12.08,12.51,11.97,8171288.0,99771208.0
2012-01-19,12.08,12.29,12.32,11.91,6795986.0,82651184.0
2012-01-20,12.29,12.63,12.73,12.23,8568615.0,107749376.0
2012-01-30,12.77,12.43,12.78,12.42,5084903.0,63767748.0
2012-01-31,12.46,12.47,12.55,12.33,3455820.0,42901144.0
2012-02-01,12.49,12.4,12.55,12.36,3765946.0,46926616.0
2012-02-02,12.45,12.52,12.52,12.33,4435326.0,55222428.0
2012-02-03,12.53,12.81,12.94,12.47,9812908.0,125765144.0
2012-02-06,12.87,12.85,12.92,12.75,6221621.0,79840608.0
2012-02-07,12.81,12.57,12.81,12.44,8089233.0,101767832.0
2012-02-08,12.57,12.75,12.83,12.49,7407340.0,93972848.0
2012-02-09,12.77,12.87,12.96,12.77,9470177.0,121893424.0
2012-02-10,12.81,12.81,12.93,12.72,7182854.0,92189560.0
2012-02-13,12.62,12.96,13.0,12.61,9118594.0,117508632.0
2012-02-14,12.96,12.9,12.98,12.78,6155151.0,79240272.0
2012-02-15,12.86,13.09,13.1,12.81,9472944.0,123037680.0
2012-02-16,13.1,13.12,13.32,13.01,10231720.0,134845456.0
2012-02-17,13.17,13.09,13.29,13.01,7067840.0,92784648.0
2012-02-20,13.24,13.06,13.3,13.04,6847296.0,90036896.0
2012-02-21,13.1,13.06,13.1,12.86,7595549.0,98459280.0
2012-02-22,13.07,13.19,13.2,12.99,8088930.0,106043872.0
2012-02-23,13.15,13.23,13.28,13.1,8567073.0,113146160.0
2012-02-24,13.2,13.38,13.39,13.15,10578133.0,140159808.0
2012-02-27,13.38,13.49,13.74,13.38,18439132.0,249770208.0
2012-02-28,13.42,13.6,13.65,13.42,10439109.0,141153408.0
2012-02-29,13.59,13.52,13.72,13.48,8060570.0,109529448.0
2012-03-01,13.49,13.42,13.54,13.31,6326348.0,84942472.0
2012-03-02,13.43,13.55,13.6,13.39,8081637.0,109058168.0
2012-03-05,13.61,13.51,13.68,13.44,7957907.0,107831856.0
2012-03-06,13.5,13.2,13.51,13.11,10290891.0,136428832.0
2012-03-07,13.15,13.1,13.25,13.03,8001218.0,104845104.0
2012-03-08,13.09,13.19,13.21,13.06,10397684.0,136515008.0
2012-03-09,13.21,13.22,13.23,13.05,11117596.0,146340864.0
2012-03-12,13.24,13.68,13.69,13.16,24535144.0,331754304.0
2012-03-13,13.66,13.65,13.68,13.49,14541586.0,197575488.0
2012-03-14,13.74,13.14,13.83,13.02,20625191.0,279006624.0
2012-03-15,13.11,13.34,13.48,13.1,15386003.0,204196864.0
2012-03-16,13.35,14.02,14.1,13.35,30915980.0,425916640.0
2012-03-19,14.06,14.05,14.4,13.98,24004687.0,340010048.0
2012-03-20,13.98,13.73,14.06,13.68,12971481.0,178923936.0
2012-03-21,13.85,13.65,13.88,13.47,11460892.0,156379024.0
2012-03-22,13.67,13.73,13.76,13.51,6790537.0,92640400.0
2012-03-23,13.69,13.4,13.72,13.29,7902748.0,106307376.0
2012-03-26,13.33,13.68,13.75,13.22,8205165.0,110437920.0
2012-03-27,13.68,13.42,13.8,13.41,7809059.0,106134016.0
2012-03-28,13.31,12.97,13.42,12.88,10420431.0,136580928.0
2012-03-29,12.95,12.75,12.95,12.66,5504089.0,70338160.0
2012-03-30,12.68,12.62,12.88,12.57,5035765.0,63847216.0
2012-04-05,12.87,12.9,12.95,12.65,6367800.0,81750696.0
2012-04-06,12.9,12.9,12.97,12.74,5626671.0,72450344.0
2012-04-09,12.84,12.68,12.84,12.67,4675258.0,59504776.0
2012-04-10,12.66,12.74,12.74,12.38,4467327.0,56152012.0
2012-04-11,12.68,12.72,12.8,12.54,3472012.0,44005440.0
2012-04-12,12.72,12.9,12.92,12.68,5623920.0,72086736.0
2012-04-13,12.96,12.94,13.01,12.83,6356349.0,82223408.0
2012-04-16,12.87,12.86,12.92,12.79,4319195.0,55511572.0
2012-04-17,12.88,12.88,13.01,12.75,5794938.0,74843984.0
2012-04-18,12.91,12.96,12.98,12.65,8792758.0,113097872.0
2012-04-19,12.95,12.79,12.96,12.72,8102131.0,103902264.0
2012-04-20,12.8,12.84,12.87,12.73,5595016.0,71694704.0
2012-04-23,12.85,12.94,13.08,12.79,8885113.0,115203648.0
2012-04-24,12.95,12.89,13.09,12.7,9026223.0,116325104.0
2012-04-25,12.88,12.89,12.92,12.78,6157921.0,79110648.0
2012-04-26,12.91,12.81,12.93,12.79,6247217.0,80178592.0
2012-04-27,12.89,12.89,13.0,12.82,5949056.0,76665192.0
2012-05-02,13.1,13.09,13.13,12.92,10675138.0,139297936.0
2012-05-03,13.12,13.5,13.57,13.04,16770843.0,224366368.0
2012-05-04,13.49,13.45,13.51,13.33,9949750.0,133576656.0
2012-05-07,13.35,13.54,13.56,13.31,14426181.0,194098048.0
2012-05-08,13.55,13.43,13.66,13.39,10532711.0,142076592.0
2012-05-09,13.34,13.29,13.35,13.16,8860493.0,117294912.0
2012-05-10,13.29,13.46,13.54,13.2,11052888.0,148425920.0
2012-05-11,13.5,13.65,13.8,13.46,21320904.0,291732288.0
2012-05-14,13.69,13.88,14.2,13.62,31705530.0,443791808.0
2012-05-15,13.86,13.76,13.88,13.66,14967495.0,205824480.0
2012-05-16,13.74,13.44,13.81,13.42,11790157.0,160070064.0
2012-05-17,13.42,13.6,13.66,13.4,8982862.0,121952032.0
2012-05-18,13.59,13.36,13.59,13.27,7052559.0,94335464.0
2012-05-21,13.38,13.53,13.56,13.27,5703978.0,76606096.0
2012-05-22,13.6,13.69,13.84,13.49,8701875.0,119448512.0
2012-05-23,13.69,13.83,13.93,13.54,11436647.0,157407264.0
2012-05-24,13.79,13.61,14.01,13.6,10751545.0,148476928.0
2012-05-25,13.61,13.61,13.61,13.61,0.0,0.0
2012-05-28,13.42,13.54,13.59,13.26,6962487.0,93452088.0
2012-05-29,13.55,13.54,13.67,13.38,10855103.0,146583088.0
2012-05-30,13.54,13.49,13.68,13.38,6761487.0,91458000.0
2012-05-31,13.38,13.58,13.72,13.38,10339419.0,140767936.0
2012-06-01,13.6,13.68,13.8,13.6,8874457.0,121511632.0
2012-06-04,13.59,13.46,13.76,13.42,10513490.0,142885456.0
2012-06-05,13.46,13.78,13.89,13.39,15598075.0,214259424.0
2012-06-06,13.78,13.79,13.96,13.67,10554087.0,145752448.0
2012-06-07,13.88,13.54,13.92,13.47,7815532.0,107132400.0
2012-06-08,13.53,14.07,14.1,13.49,30719684.0,427804064.0
2012-06-11,14.08,14.18,14.26,13.98,22357427.0,316074080.0
2012-06-12,14.01,14.08,14.2,13.97,12375744.0,174091536.0
2012-06-13,14.14,14.88,14.96,14.11,39381987.0,576556480.0
2012-06-14,14.87,14.68,14.96,14.64,17642772.0,260570384.0
2012-06-15,14.69,14.82,15.18,14.68,25150121.0,375127008.0
2012-06-18,14.83,14.82,15.1,14.71,16687296.0,248466464.0
2012-06-19,14.84,14.85,15.11,14.56,19864028.0,296073536.0
2012-06-20,14.87,14.47,14.94,14.46,15051907.0,220151424.0
2012-06-21,14.46,14.24,14.6,14.13,11570153.0,165310096.0
2012-06-25,14.24,14.35,14.59,14.07,16413734.0,235902752.0
2012-06-26,14.22,14.24,14.33,13.95,9947650.0,140907696.0
2012-06-27,14.21,14.59,14.82,14.18,16363333.0,239030272.0
2012-06-28,14.8,15.19,15.53,14.8,40176239.0,611842240.0
2012-06-29,15.16,15.83,16.05,15.03,36169644.0,565534144.0
2012-07-02,15.87,15.84,16.2,15.61,29343909.0,467219520.0
2012-07-03,15.82,15.86,16.12,15.61,21802834.0,346148032.0
2012-07-04,15.99,15.54,16.15,15.41,22297737.0,349769184.0
2012-07-05,15.42,16.06,16.08,15.38,18997342.0,297533184.0
2012-07-06,16.09,16.51,16.7,15.94,26744521.0,438003584.0
2012-07-09,16.43,16.64,17.15,16.29,35696011.0,599564928.0
2012-07-10,16.39,16.1,16.83,15.94,24204110.0,394713504.0
2012-07-11,16.06,17.39,17.47,15.96,40910106.0,690801024.0
2012-07-12,17.37,17.14,17.64,16.85,46820071.0,809480704.0
2012-07-13,16.99,17.44,17.54,16.88,30374789.0,526286016.0
2012-07-16,17.44,16.8,17.64,16.75,29375312.0,505525184.0
2012-07-17,16.53,16.21,16.61,15.92,33118519.0,537433472.0
2012-07-18,16.18,16.37,16.41,15.63,21393895.0,343229792.0
2012-07-19,16.18,16.31,16.7,16.04,17533877.0,288604800.0
2012-07-20,16.27,16.99,17.09,16.1,25326311.0,425834720.0
2012-07-23,16.85,17.02,17.47,16.67,26457881.0,453647616.0
2012-07-24,16.83,17.01,17.07,16.65,15504157.0,261816208.0
2012-07-25,17.0,16.59,17.06,16.47,13930848.0,232730144.0
2012-07-26,16.59,16.34,16.8,16.29,12601321.0,208186256.0
2012-07-27,16.5,15.69,16.52,15.54,24030162.0,379993856.0
2012-07-30,15.69,15.59,15.87,15.45,8906762.0,139208016.0
2012-07-31,15.55,15.78,15.97,15.38,9315373.0,147050240.0
2012-08-01,15.74,16.1,16.24,15.72,9394296.0,150746048.0
2012-08-02,16.1,16.41,16.56,16.01,16173800.0,264510064.0
2012-08-03,16.4,16.6,16.61,16.32,10805425.0,177927360.0
2012-08-06,16.48,16.51,16.61,16.19,15893804.0,261173888.0
2012-08-07,16.51,16.45,16.68,16.34,11353558.0,187374720.0
2012-08-08,16.39,16.24,16.47,16.18,9649201.0,157036160.0
2012-08-09,16.18,16.98,17.0,16.18,19114041.0,319103360.0
2012-08-10,17.04,16.87,17.05,16.7,17082853.0,288703232.0
2012-08-13,16.88,16.96,17.32,16.68,21638438.0,369669216.0
2012-08-14,16.91,16.82,17.13,16.4,13666542.0,228513376.0
2012-08-15,16.73,16.57,16.98,16.51,8409975.0,140906208.0
2012-08-16,16.58,16.19,16.63,16.11,9405643.0,153902592.0
2012-08-17,16.13,16.05,16.27,15.83,7871795.0,126132216.0
2012-08-20,15.92,16.29,16.31,15.74,9971781.0,159922272.0
2012-08-21,16.29,16.65,16.75,16.19,11145535.0,184911584.0
2012-08-22,16.67,16.4,16.83,16.25,7455985.0,123138448.0
2012-08-23,16.43,16.83,16.96,16.4,13617868.0,227854640.0
2012-08-24,16.8,16.62,16.93,16.59,9531895.0,159520848.0
2012-08-27,16.56,16.37,16.67,16.34,5985156.0,98575376.0
2012-08-28,16.37,15.82,16.54,15.79,18977891.0,305739936.0
2012-08-29,15.82,15.83,15.94,15.49,7784753.0,122547392.0
2012-08-30,15.77,15.22,15.89,15.0,18416045.0,282304032.0
2012-08-31,15.28,15.47,15.5,15.15,6386293.0,98159088.0
2012-09-03,15.41,15.77,15.92,15.4,7424374.0,116646760.0
2012-09-04,15.74,15.48,15.89,15.46,7630643.0,118984608.0
2012-09-05,15.55,15.6,15.65,15.32,5205899.0,80704728.0
2012-09-06,15.54,15.46,15.74,15.32,6530934.0,100814840.0
2012-09-07,15.6,15.94,16.04,15.54,18167652.0,287464768.0
2012-09-10,15.94,15.84,15.94,15.67,10823060.0,170661536.0
2012-09-11,15.76,15.86,15.87,15.54,7522979.0,118585920.0
2012-09-12,15.9,15.86,15.96,15.72,7820973.0,123855056.0
2012-09-13,15.81,15.63,15.91,15.6,5929054.0,93625432.0
2012-09-14,15.64,15.54,15.69,15.35,8751389.0,135562432.0
2012-09-17,15.48,15.25,15.54,15.09,7034718.0,107477968.0
2012-09-18,15.28,15.34,15.44,15.16,3501142.0,53620388.0
2012-09-19,15.35,15.79,15.97,15.35,10896823.0,171475984.0
2012-09-20,15.72,15.37,15.8,15.34,6368619.0,99116040.0
2012-09-21,15.31,15.27,15.42,15.17,5697685.0,87096576.0
2012-09-24,15.22,15.42,15.55,15.1,3436070.0,52779784.0
2012-09-25,15.42,15.65,15.72,15.29,7192479.0,112268016.0
2012-09-26,15.6,15.27,15.74,15.22,7299045.0,112622488.0
2012-09-27,15.34,15.6,15.7,15.15,6294937.0,97265880.0
2012-09-28,15.47,15.8,15.84,15.42,8574047.0,134853312.0
2012-10-08,15.81,15.82,15.91,15.67,3971292.0,62592740.0
2012-10-09,15.87,16.13,16.18,15.83,12007281.0,192843056.0
2012-10-10,16.06,16.12,16.18,15.96,5678372.0,91290816.0
2012-10-11,16.12,16.0,16.2,15.98,5339599.0,85629104.0
2012-10-12,15.98,15.86,16.18,15.77,5472940.0,87105800.0
2012-10-15,15.86,16.18,16.19,15.83,6721814.0,107773032.0
2012-10-16,16.18,16.45,16.81,16.11,16162622.0,267339296.0
2012-10-17,16.45,16.41,16.57,16.36,5345362.0,87943040.0
2012-10-18,16.52,16.53,16.68,16.46,7580096.0,125592720.0
2012-10-19,16.5,16.39,16.56,16.24,4453454.0,72973192.0
2012-10-22,16.39,16.47,16.56,16.33,4421366.0,72794904.0
2012-10-23,16.47,16.06,16.53,16.01,7008731.0,113430984.0
2012-10-24,16.07,15.75,16.14,15.7,6296327.0,100200104.0
2012-10-25,15.87,15.9,16.03,15.74,6689310.0,106128248.0
2012-10-26,15.83,15.65,15.99,15.55,5834700.0,91783808.0
2012-10-29,15.65,16.46,16.51,15.65,16754275.0,272090752.0
2012-10-30,16.61,16.57,16.79,16.44,16736831.0,278176320.0
2012-10-31,16.82,16.73,16.87,16.5,11145891.0,186079872.0
2012-11-01,16.74,16.81,16.83,16.57,8924750.0,149287584.0
2012-11-02,16.83,16.88,16.97,16.74,10083752.0,170138672.0
2012-11-05,16.88,16.52,16.91,16.47,6845932.0,113586784.0
2012-11-06,16.56,16.7,16.97,16.36,9942839.0,165017120.0
2012-11-07,16.71,16.68,16.79,16.47,4971355.0,82818936.0
2012-11-08,16.61,16.76,17.27,16.49,17185899.0,291217344.0
2012-11-09,16.73,16.56,16.88,16.42,8747060.0,145202928.0
2012-11-12,16.5,16.26,16.63,16.07,9462320.0,153533328.0
2012-11-13,16.22,16.18,16.34,16.0,5821553.0,94144112.0
2012-11-14,16.1,16.52,16.56,16.1,6824767.0,111612984.0
2012-11-15,16.47,16.35,16.74,16.32,6455866.0,106878856.0
2012-11-16,16.36,16.22,16.36,16.09,5348363.0,86632128.0
2012-11-19,16.08,15.75,16.08,15.54,10341596.0,163266752.0
2012-11-20,15.77,15.77,15.92,15.65,3406753.0,53773904.0
2012-11-21,15.66,15.86,15.9,15.66,3724282.0,58729048.0
2012-11-22,15.87,15.55,15.87,15.55,5103074.0,79828624.0
2012-11-23,15.55,15.63,15.69,15.34,4671315.0,72678192.0
2012-11-26,15.55,15.45,15.72,15.37,3174413.0,49365496.0
2012-11-27,15.43,15.12,15.5,15.1,5096516.0,77837648.0
2012-11-28,15.1,15.0,15.14,14.8,5961637.0,88990696.0
2012-11-29,15.01,15.37,15.5,15.01,6391677.0,97860448.0
2012-11-30,15.43,15.67,15.75,15.37,7160704.0,111884280.0
2012-12-03,15.6,15.43,15.86,15.34,6559836.0,101962328.0
2012-12-04,15.37,15.16,15.42,14.83,7667316.0,115111104.0
2012-12-05,15.12,15.55,15.74,14.96,8902218.0,137998704.0
2012-12-06,15.55,15.55,15.74,15.38,5595102.0,87130112.0
2012-12-07,15.55,15.84,15.85,15.47,6604170.0,103560520.0
2012-12-10,15.78,15.87,16.01,15.75,12029143.0,190841712.0
2012-12-11,15.83,15.64,15.86,15.6,5235836.0,82202056.0
2012-12-12,15.58,15.64,15.75,15.54,3911504.0,61202064.0
2012-12-13,15.62,15.83,15.96,15.58,4459659.0,70491936.0
2012-12-14,15.87,16.07,16.18,15.78,15899315.0,255156096.0
2012-12-17,16.01,15.86,16.17,15.74,11766537.0,186681584.0
2012-12-18,15.87,15.81,15.99,15.69,8067723.0,127659544.0
2012-12-19,15.83,15.65,15.86,15.58,7362991.0,115639904.0
2012-12-20,15.63,15.7,15.83,15.56,7403082.0,116482552.0
2012-12-21,15.69,16.02,16.1,15.68,11233751.0,178908960.0
2012-12-24,16.04,16.37,16.39,16.02,12218310.0,198029472.0
2012-12-25,16.33,16.46,16.56,16.16,14624242.0,240257120.0
2012-12-26,16.46,16.42,16.52,16.23,8964304.0,146948464.0
2012-12-27,16.48,16.26,16.52,16.23,10115546.0,165539072.0
2012-12-28,16.25,16.41,16.46,16.1,9099661.0,147598304.0
2012-12-31,16.4,16.3,16.44,16.19,12668110.0,206804384.0
2013-01-04,16.46,16.2,16.48,15.86,10785396.0,174418384.0
2013-01-07,16.2,16.75,16.76,16.18,15967634.0,264267040.0
2013-01-08,16.75,17.1,17.43,16.66,21595767.0,369285120.0
2013-01-09,17.06,16.97,17.29,16.93,8844009.0,150959984.0
2013-01-10,16.88,17.47,17.47,16.82,20413709.0,353049184.0
2013-01-11,17.52,17.24,17.69,17.16,12504075.0,217414496.0
2013-01-14,17.24,18.11,18.14,17.21,18484852.0,329064736.0
2013-01-15,18.11,18.15,18.62,18.01,16913948.0,308780544.0
2013-01-16,18.15,18.38,18.62,18.06,16353814.0,300646560.0
2013-01-17,18.3,18.38,18.53,18.16,12765852.0,233910624.0
2013-01-18,18.37,18.86,18.92,18.23,12915280.0,240464416.0
2013-01-21,18.87,18.76,19.1,18.59,10503524.0,197339392.0
2013-01-22,18.66,18.26,18.74,18.04,15773952.0,288500320.0
2013-01-23,18.23,18.46,18.56,18.11,10323317.0,189256160.0
2013-01-24,18.48,18.12,18.7,17.9,14181510.0,259259408.0
2013-01-25,18.1,18.43,18.64,18.07,9866297.0,182079824.0
2013-01-28,18.44,18.94,19.0,18.4,14453033.0,270365984.0
2013-01-29,18.94,18.9,19.11,18.76,10212631.0,193263248.0
2013-01-30,18.85,18.86,18.93,18.51,8837548.0,165412224.0
2013-01-31,18.85,18.28,19.02,18.22,12658128.0,234768288.0
2013-02-01,18.25,18.3,18.53,18.02,9464126.0,172671056.0
2013-02-04,18.3,17.82,18.4,17.69,16613369.0,296753376.0
2013-02-05,17.64,18.09,18.26,17.64,9794002.0,176654848.0
2013-02-06,18.12,18.28,18.45,17.93,8917362.0,162489824.0
2013-02-07,18.26,18.26,18.44,18.19,6987101.0,127848960.0
2013-02-08,18.31,19.49,20.0,18.31,18212224.0,348814432.0
2013-02-18,19.67,19.49,19.67,19.21,12457725.0,242946432.0
2013-02-19,19.48,19.46,19.73,19.35,12123523.0,236783056.0
2013-02-20,19.46,20.48,20.56,19.41,19188745.0,387560000.0
2013-02-21,20.34,19.79,20.38,19.57,17055915.0,340701376.0
2013-02-22,19.85,19.57,20.1,19.44,9656301.0,191191328.0
2013-02-25,19.58,19.74,19.93,19.35,8666638.0,170022768.0
2013-02-26,19.6,19.61,20.25,19.41,13452302.0,266683824.0
2013-02-27,19.59,19.32,19.79,19.0,11470793.0,220844016.0
2013-02-28,19.3,19.54,19.72,19.02,8245666.0,159824944.0
2013-03-01,19.55,19.83,20.0,19.51,8328600.0,164716752.0
2013-03-04,19.75,19.63,20.21,19.54,12818429.0,254954944.0
2013-03-05,19.64,20.26,20.27,19.4,12468086.0,247641296.0
2013-03-06,20.31,20.25,20.63,20.04,12245355.0,248485680.0
2013-03-07,20.13,19.79,20.39,19.58,15919798.0,317905664.0
2013-03-08,19.79,19.56,19.85,19.41,6202806.0,121462640.0
2013-03-11,19.58,19.54,19.58,19.21,4819368.0,93516416.0
2013-03-12,19.49,18.84,19.63,18.31,13926593.0,263763296.0
2013-03-13,18.76,18.61,18.82,18.47,5488623.0,102274192.0
2013-03-14,18.52,18.98,19.06,18.49,7163838.0,135426768.0
2013-03-15,19.07,19.2,19.58,18.86,9358503.0,179993504.0
2013-03-18,19.62,19.17,19.8,19.08,6652172.0,129081624.0
2013-03-19,19.04,18.88,19.3,18.55,8236449.0,154992560.0
2013-03-20,18.88,19.28,19.35,18.63,9422196.0,180288224.0
2013-03-21,19.28,19.69,19.88,19.21,10725859.0,210242272.0
2013-03-22,19.79,20.21,20.27,19.73,15744827.0,316100640.0
2013-03-25,20.23,19.81,20.31,19.77,12410721.0,247919808.0
2013-03-26,19.85,20.9,20.92,19.85,24339512.0,495230752.0
2013-03-27,20.87,21.02,21.04,20.66,15305642.0,320019456.0
2013-03-28,20.77,20.82,21.36,20.59,16226158.0,339998240.0
2013-03-29,20.74,20.62,21.06,20.6,9278892.0,193514960.0
2013-04-01,20.64,21.21,21.46,20.33,13083252.0,274832320.0
2013-04-02,21.05,20.38,21.35,20.11,16622084.0,341957536.0
2013-04-03,20.31,20.09,20.59,19.96,9608993.0,194748800.0
2013-04-08,20.4,20.25,20.49,19.93,11563762.0,233502784.0
2013-04-09,20.26,19.9,20.39,19.87,10165696.0,203562416.0
2013-04-10,19.87,19.55,20.11,19.3,13626191.0,267040736.0
2013-04-11,19.6,19.9,19.91,19.6,7027415.0,139206448.0
2013-04-12,19.89,19.78,20.03,19.65,5827713.0,115703976.0
2013-04-15,19.84,19.69,19.93,19.38,4701053.0,92089272.0
2013-04-16,19.64,19.94,20.03,19.5,6694004.0,132509328.0
2013-04-17,19.96,20.31,20.35,19.65,11567971.0,232378224.0
2013-04-18,20.31,20.08,20.46,19.94,8637742.0,174355296.0
2013-04-19,20.11,20.92,21.12,20.11,16682395.0,346035264.0
2013-04-22,20.86,21.02,21.09,20.59,11819735.0,246952000.0
2013-04-23,20.91,20.65,21.04,20.37,10398952.0,214951904.0
2013-04-24,20.62,21.12,21.14,20.47,11303038.0,235959440.0
2013-04-25,21.11,20.86,21.55,20.83,14677480.0,311567552.0
2013-04-26,20.77,20.53,20.86,20.27,10650897.0,218233536.0
2013-05-02,20.38,21.26,21.36,20.16,11968708.0,251230304.0
2013-05-03,21.26,21.4,21.63,21.12,10884099.0,233162656.0
2013-05-06,21.31,21.49,21.64,21.14,10581365.0,227055216.0
2013-05-07,21.5,21.63,21.64,21.26,9216147.0,197600544.0
2013-05-08,21.53,22.4,22.74,21.53,25329559.0,562708608.0
2013-05-09,22.14,22.67,22.71,21.87,13899960.0,310367904.0
2013-05-10,22.42,22.15,22.69,22.03,10120638.0,225451264.0
2013-05-13,22.1,21.94,22.23,21.85,6596882.0,145068640.0
2013-05-14,21.87,22.05,22.31,21.8,8075258.0,177826560.0
2013-05-15,22.1,22.38,22.46,21.82,6756616.0,149180128.0
2013-05-16,22.35,22.3,23.15,22.15,12837672.0,290255488.0
2013-05-17,22.28,22.4,22.52,21.78,12905727.0,286607936.0
2013-05-20,22.4,21.66,22.4,21.3,18918067.0,409692320.0
2013-05-21,21.59,21.5,21.79,21.41,10894949.0,234968800.0
2013-05-22,21.05,21.37,21.56,20.59,15800578.0,333856384.0
2013-05-23,21.25,21.07,21.25,20.81,13683472.0,287413152.0
2013-05-24,21.07,21.66,21.78,21.01,11091305.0,239128400.0
2013-05-27,21.64,21.71,21.78,21.39,7753044.0,167486064.0
2013-05-28,21.76,22.06,22.23,21.75,8915208.0,196638704.0
2013-05-29,22.09,22.11,22.29,21.88,6984462.0,154353824.0
2013-05-30,22.01,22.0,22.15,21.85,6170400.0,135652400.0
2013-05-31,22.05,21.57,22.31,21.55,11369756.0,248009424.0
2013-06-03,21.55,21.69,21.89,21.24,6265600.0,135294144.0
2013-06-04,21.67,21.45,21.68,21.3,5218176.0,111917504.0
2013-06-05,21.45,21.35,21.57,21.23,3557878.0,76045608.0
2013-06-06,21.35,21.19,21.54,21.18,4064666.0,86730928.0
2013-06-07,21.13,20.43,21.23,20.27,8227424.0,170798336.0
2013-06-13,20.13,20.05,20.32,19.17,10268269.0,203578832.0
2013-06-14,20.25,20.93,21.25,19.99,9891639.0,205601712.0
2013-06-17,20.82,21.47,21.62,20.69,7061091.0,150393920.0
2013-06-18,21.56,21.36,21.62,21.18,4981386.0,106498208.0
2013-06-19,21.34,21.46,21.52,21.05,4438540.0,94711664.0
2013-06-20,21.45,20.81,21.61,20.71,5152705.0,109085624.0
2013-06-21,20.54,21.03,21.15,20.22,5653163.0,117324744.0
2013-06-24,20.93,19.87,20.93,19.51,12788944.0,256390080.0
2013-06-25,19.65,19.72,20.16,18.44,16302459.0,316896480.0
2013-06-26,19.67,19.84,20.04,19.21,10098662.0,199054208.0
2013-06-27,19.86,19.88,20.24,19.65,9625663.0,192406368.0
2013-06-28,19.67,20.02,20.27,19.45,9754669.0,195256000.0
2013-07-01,19.96,20.44,20.45,19.9,9083057.0,183994816.0
2013-07-02,20.44,21.27,21.43,20.36,13586162.0,286707328.0
2013-07-03,21.23,21.77,21.89,20.95,11862934.0,254294160.0
2013-07-04,21.59,21.14,21.68,21.04,8030874.0,171474272.0
2013-07-05,21.14,20.85,21.32,20.68,6139054.0,128894688.0
2013-07-08,20.7,20.14,20.77,20.13,7135153.0,145254192.0
2013-07-09,20.16,20.43,20.56,20.13,5644292.0,114883808.0
2013-07-10,20.43,20.66,20.68,20.14,6093262.0,124102824.0
2013-07-11,20.65,21.23,21.41,20.51,12916415.0,270098784.0
2013-07-12,21.1,21.18,21.75,20.82,17005157.0,362047392.0
2013-07-15,21.11,21.66,21.7,21.11,11258517.0,242699648.0
2013-07-16,21.66,21.62,21.87,21.45,8333463.0,180530000.0
2013-07-17,21.72,21.02,21.72,20.92,10097548.0,214038224.0
2013-07-18,21.02,20.93,21.17,20.75,5290203.0,110951392.0
2013-07-19,20.89,20.59,21.04,20.37,7947157.0,164181760.0
2013-07-22,20.4,20.63,20.74,20.17,7112702.0,145841856.0
2013-07-23,20.7,21.11,21.23,20.57,8145316.0,170644784.0
2013-07-24,21.07,21.45,21.62,20.95,16200253.0,345009248.0
2013-07-25,21.41,21.71,21.85,21.1,16194432.0,348694080.0
2013-07-26,21.62,21.51,21.82,21.35,10857701.0,234554704.0
2013-07-29,21.13,21.57,21.69,21.06,7968175.0,170682976.0
2013-07-30,21.68,21.47,22.07,21.43,12036942.0,261790704.0
2013-07-31,21.49,20.91,21.63,20.89,11363987.0,240414176.0
2013-08-01,20.92,21.26,21.33,20.77,7075842.0,148834496.0
2013-08-02,21.26,21.21,21.54,21.04,7147651.0,152156800.0
2013-08-05,21.23,22.44,22.51,21.23,23602147.0,521157920.0
2013-08-06,22.32,22.4,22.52,22.0,12262540.0,273480096.0
2013-08-07,22.31,22.07,22.69,21.96,13172553.0,293952096.0
2013-08-08,22.07,22.01,22.36,21.91,7005719.0,154825328.0
2013-08-09,22.21,22.21,22.33,21.9,5811443.0,128574808.0
2013-08-12,22.28,22.36,22.6,22.12,10806482.0,241640304.0
2013-08-13,22.37,22.1,22.37,21.89,8846709.0,194891776.0
2013-08-14,22.07,21.92,22.15,21.76,7025356.0,153971136.0
2013-08-15,21.93,21.54,22.08,21.45,7733571.0,167396816.0
2013-08-16,21.35,21.12,22.54,21.09,9495518.0,203954496.0
2013-08-19,21.13,21.56,21.59,21.11,6798455.0,145082528.0
2013-08-20,21.58,21.22,21.82,21.14,9202523.0,197689920.0
2013-08-21,21.47,21.24,21.51,21.06,6773669.0,143877744.0
2013-08-22,21.0,20.74,21.22,20.72,10599019.0,221904480.0
2013-08-23,20.8,21.25,21.4,20.77,10276157.0,217092032.0
2013-08-26,21.26,21.26,21.29,21.08,7756654.0,164569344.0
2013-08-27,21.22,21.44,21.79,21.15,11265397.0,242604400.0
2013-08-28,21.44,20.9,21.44,20.83,11369526.0,238839264.0
2013-08-29,21.03,20.48,21.12,20.34,9433855.0,194681792.0
2013-08-30,20.52,20.1,20.59,19.88,12746552.0,256242672.0
2013-09-02,20.15,19.84,20.24,19.75,8571578.0,170895136.0
2013-09-03,19.83,20.4,20.42,19.83,8686434.0,176093440.0
2013-09-04,20.4,20.16,20.4,20.04,5528362.0,111621320.0
2013-09-05,20.15,20.56,20.58,20.08,6962515.0,142126544.0
2013-09-06,20.54,20.57,20.66,20.34,4708363.0,96587128.0
2013-09-09,20.47,20.2,20.47,19.84,13353352.0,268218592.0
2013-09-10,20.06,20.02,20.06,19.75,13186500.0,261713712.0
2013-09-11,20.02,19.99,20.06,19.69,10009373.0,198979888.0
2013-09-12,19.91,20.14,20.4,19.88,8655076.0,174673152.0
2013-09-13,20.25,20.14,20.31,19.97,5938344.0,119517560.0
2013-09-16,20.25,20.32,20.52,20.14,7321565.0,149066528.0
2013-09-17,20.32,19.88,20.32,19.88,4885878.0,98094864.0
2013-09-18,19.88,19.97,20.19,19.86,4781237.0,95545120.0
2013-09-23,20.02,20.66,20.72,19.97,13803166.0,282444000.0
2013-09-24,20.67,20.61,20.74,20.34,9577571.0,196748160.0
2013-09-25,20.59,20.51,20.73,20.39,8006935.0,164352352.0
2013-09-26,20.48,20.77,20.92,20.37,12244385.0,253990416.0
2013-09-27,20.8,20.62,20.97,20.43,8747812.0,181427056.0
2013-09-30,20.62,20.44,20.89,20.39,5615293.0,115678784.0
2013-10-08,20.42,20.54,20.64,20.05,8735457.0,178012096.0
2013-10-09,20.35,20.34,20.4,20.17,8360053.0,169539328.0
2013-10-10,20.42,20.32,20.8,20.17,14733905.0,302220160.0
2013-10-11,20.25,20.56,20.69,20.12,14049041.0,286461280.0
2013-10-14,20.56,20.89,21.0,20.23,20460700.0,422765120.0
2013-10-15,20.9,21.39,22.1,20.9,27342467.0,591009472.0
2013-10-16,21.41,20.99,21.42,20.77,16134897.0,338832160.0
2013-10-17,21.12,20.6,21.23,20.37,12442584.0,258736064.0
2013-10-18,20.6,20.6,20.8,20.2,7196475.0,147482864.0
2013-10-21,20.6,20.66,20.8,20.36,16619522.0,341377312.0
2013-10-22,20.64,20.45,20.65,20.37,9325131.0,191215456.0
2013-10-23,20.43,20.08,20.68,20.05,10959828.0,222344048.0
2013-10-24,20.06,20.11,20.44,19.96,5807139.0,117138600.0
2013-10-25,20.11,19.58,20.17,19.4,7943245.0,156753536.0
2013-10-28,19.58,19.35,19.66,19.14,6459568.0,125044992.0
2013-10-29,19.41,18.75,19.53,18.26,14548679.0,272202816.0
2013-10-30,18.78,18.73,19.02,18.25,13986378.0,258635440.0
2013-10-31,18.44,17.55,18.44,16.94,29942409.0,525597376.0
2013-11-01,17.46,17.55,17.8,17.22,10002929.0,175120896.0
2013-11-04,17.55,17.71,17.89,17.52,10029253.0,177887344.0
2013-11-05,17.7,17.55,17.7,17.19,11661317.0,203122816.0
2013-11-06,17.56,17.33,17.65,17.19,11247550.0,195681312.0
2013-11-07,17.19,16.7,17.31,16.45,15839317.0,266572512.0
2013-11-08,16.64,16.33,16.7,16.22,10703507.0,175851408.0
2013-11-11,16.35,17.29,17.61,16.33,16707460.0,284874112.0
2013-11-12,17.29,17.78,17.84,17.28,14531260.0,257050912.0
2013-11-13,17.66,17.5,17.8,17.35,7293533.0,127872552.0
2013-11-14,17.51,17.8,18.07,17.47,10266381.0,182979760.0
2013-11-15,17.92,17.92,18.36,17.78,15516143.0,281767872.0
2013-11-18,17.98,18.18,18.56,17.98,15409615.0,281177184.0
2013-11-19,18.15,17.99,18.21,17.84,6471120.0,116413264.0
2013-11-20,17.99,17.9,18.23,17.61,7249154.0,129641496.0
2013-11-21,17.84,17.7,17.84,17.33,8057239.0,141525008.0
2013-11-22,17.75,17.52,17.84,17.37,7415040.0,129985456.0
2013-11-25,17.46,17.63,17.75,17.33,5707766.0,100501896.0
2013-11-26,17.75,17.55,17.79,17.44,4438295.0,78056256.0
2013-11-27,17.67,17.72,17.73,17.47,4770553.0,84102608.0
2013-11-28,17.73,18.04,18.11,17.72,9418080.0,169530112.0
2013-11-29,18.08,18.25,18.34,18.08,9652833.0,176164176.0
2013-12-02,18.12,17.71,18.27,17.68,8549126.0,153351520.0
2013-12-03,17.66,18.3,18.48,17.66,9151332.0,165571616.0
2013-12-04,18.38,18.86,19.01,18.3,14905052.0,280046400.0
2013-12-05,18.85,19.25,19.51,18.7,18742694.0,360775968.0
2013-12-06,19.27,19.14,19.27,18.81,7389467.0,140838912.0
2013-12-09,19.04,18.75,19.23,18.67,6678901.0,125887880.0
2013-12-10,18.75,18.77,18.92,18.65,5404080.0,101491600.0
2013-12-11,18.67,18.89,18.93,18.61,4331881.0,81454872.0
2013-12-12,18.82,19.28,19.41,18.66,8526366.0,163288176.0
2013-12-13,19.09,19.41,19.55,18.96,6920646.0,134176352.0
2013-12-16,19.41,18.84,19.65,18.77,7007184.0,135154272.0
2013-12-17,18.77,18.86,19.47,18.77,7155289.0,136127600.0
2013-12-18,18.86,19.2,19.28,18.86,4626510.0,88702336.0
2013-12-19,19.27,18.86,19.35,18.81,6550616.0,125790816.0
2013-12-20,18.82,18.62,19.23,18.47,5959386.0,111957760.0
2013-12-23,18.49,19.28,19.33,18.47,7680662.0,146375072.0
2013-12-24,19.27,19.31,19.55,19.01,6886503.0,133000440.0
2013-12-25,19.32,19.27,19.44,19.09,6832948.0,131583408.0
2013-12-26,19.14,19.14,19.4,19.04,3395123.0,65259424.0
2013-12-27,19.14,19.29,19.35,19.09,4981184.0,95720792.0
2013-12-30,19.29,19.4,19.51,19.27,6322274.0,122644840.0
2013-12-31,19.23,19.78,19.96,19.22,9002687.0,177506080.0
2014-01-02,19.7,19.84,20.06,19.63,5513057.0,109508888.0
2014-01-03,19.78,19.22,19.83,18.83,10758703.0,205980128.0
2014-01-06,19.12,18.71,19.12,18.69,5594115.0,105561960.0
2014-01-07,18.58,18.49,18.72,18.36,5802746.0,107386392.0
2014-01-08,18.49,18.7,18.85,18.49,5610844.0,104839688.0
2014-01-09,18.67,18.51,18.76,18.46,4137491.0,76850416.0
2014-01-10,18.4,17.79,18.5,17.53,9890836.0,176232048.0
2014-01-13,17.84,17.77,17.84,17.57,4633989.0,82239296.0
2014-01-14,17.77,18.02,18.08,17.68,3706224.0,66247656.0
2014-01-15,18.02,18.33,18.49,18.02,5276957.0,96690296.0
2014-01-16,18.34,18.41,18.58,18.27,3171272.0,58540168.0
2014-01-17,18.5,18.24,18.5,18.12,3043690.0,55482040.0
2014-01-20,18.12,17.96,18.22,17.8,4998769.0,89492600.0
2014-01-21,18.02,18.47,18.55,17.96,3149710.0,57943716.0
2014-01-22,18.47,18.58,18.59,18.26,4978768.0,91827472.0
2014-01-23,18.58,18.41,18.63,18.38,4278662.0,78941432.0
2014-01-24,18.44,18.06,18.55,17.94,9247324.0,167948128.0
2014-01-27,18.0,17.63,18.0,17.59,7678182.0,135804896.0
2014-01-28,17.62,17.68,17.98,17.59,5871508.0,104424208.0
2014-01-29,17.73,17.55,17.81,17.45,6983994.0,122809408.0
2014-01-30,17.56,17.18,17.6,16.99,7021122.0,120633968.0
2014-02-07,17.15,17.29,17.55,17.12,8785482.0,152246832.0
2014-02-10,17.35,17.66,17.82,17.31,13394666.0,235799600.0
2014-02-11,17.72,18.39,18.63,17.66,19270954.0,352006400.0
2014-02-12,18.41,18.41,18.52,18.19,7238738.0,132684416.0
2014-02-13,18.39,18.13,18.39,18.03,6931857.0,125824080.0
2014-02-14,18.06,18.2,18.32,18.06,5687143.0,103555520.0
2014-02-17,18.32,18.23,18.39,18.1,7337025.0,133442432.0
2014-02-18,18.24,17.79,18.24,17.73,13094860.0,233918192.0
2014-02-19,17.78,17.68,17.83,17.54,11020060.0,194695728.0
2014-02-20,17.8,17.89,18.29,17.76,13929123.0,250885344.0
2014-02-21,17.87,17.66,17.99,17.56,8826709.0,156237360.0
2014-02-24,17.56,17.5,17.57,17.18,8149869.0,141066320.0
2014-02-25,17.5,17.09,17.75,16.79,12588439.0,216521696.0
2014-02-26,17.01,17.2,17.29,16.82,6293808.0,107120168.0
2014-02-27,17.2,16.91,17.22,16.65,7932572.0,134230816.0
2014-02-28,16.82,17.04,17.1,16.34,7923867.0,132015352.0
2014-03-03,16.94,17.08,17.31,16.69,8011411.0,136897488.0
2014-03-04,17.08,16.9,17.08,16.82,4987453.0,84327328.0
2014-03-05,16.96,16.8,17.0,16.6,6198345.0,103755160.0
2014-03-06,16.74,16.85,16.94,16.41,5918559.0,98251256.0
2014-03-07,16.8,17.16,17.31,16.64,11208051.0,191366880.0
2014-03-10,16.96,16.77,17.05,16.55,8098075.0,135194528.0
2014-03-11,16.7,16.89,16.91,16.64,6054566.0,101701344.0
2014-03-12,16.9,16.86,16.92,16.55,4503603.0,75311240.0
2014-03-13,16.82,16.87,16.98,16.63,5265382.0,88590736.0
2014-03-14,16.81,16.79,16.85,16.61,5270959.0,88006056.0
2014-03-17,16.8,16.79,16.82,16.63,5781173.0,96592864.0
2014-03-18,16.78,16.97,17.1,16.71,9491954.0,161050672.0
2014-03-19,16.94,16.71,16.94,16.61,5692489.0,95122416.0
2014-03-20,16.69,16.31,16.71,16.22,10108471.0,165998288.0
2014-03-21,16.27,16.37,16.42,15.81,12095681.0,194634384.0
2014-03-24,16.39,16.37,16.42,16.15,5814331.0,94839048.0
2014-03-25,16.39,16.7,16.72,16.34,8316382.0,138140176.0
2014-03-26,16.72,16.68,16.79,16.56,4298625.0,71594736.0
2014-03-27,16.69,16.42,16.76,16.36,5750640.0,94893632.0
2014-03-28,16.37,16.29,16.55,15.95,5259387.0,85573856.0
2014-03-31,16.27,16.04,16.39,16.03,4320612.0,70043368.0
2014-04-01,16.04,16.19,16.2,15.97,4074425.0,65629304.0
2014-04-02,16.18,16.13,16.23,15.91,2418840.0,39023140.0
2014-04-03,16.22,16.18,16.3,16.13,2782827.0,45102952.0
2014-04-04,16.18,16.3,16.31,16.09,2626163.0,42647392.0
2014-04-08,16.29,16.56,16.57,16.21,6070535.0,99602560.0
2014-04-09,16.59,16.55,16.61,16.44,4680006.0,77309160.0
2014-04-10,16.56,16.44,16.6,16.34,7216544.0,118527320.0
2014-04-11,16.44,17.0,17.08,16.44,21209893.0,358746144.0
2014-04-14,17.0,16.84,17.01,16.73,6636804.0,111605176.0
2014-04-15,16.84,16.5,16.84,16.48,7396219.0,122672112.0
2014-04-16,16.51,16.45,16.7,16.32,6927809.0,113791520.0
2014-04-17,16.46,16.31,16.55,16.26,5931930.0,96979664.0
2014-04-18,16.27,16.33,16.35,16.17,7980221.0,129606496.0
2014-04-21,16.3,16.14,16.4,16.13,4479777.0,72771344.0
2014-04-22,16.14,16.09,16.24,15.9,4714404.0,75630168.0
2014-04-23,16.06,16.09,16.16,16.04,2449341.0,39410364.0
2014-04-24,16.08,16.09,16.22,16.07,2902040.0,46832484.0
2014-04-25,16.14,15.87,16.14,15.86,4308051.0,68706304.0
2014-04-28,15.87,15.76,15.93,15.25,6055122.0,94422296.0
2014-04-29,15.66,15.72,15.73,15.46,4071236.0,63536632.0
2014-04-30,15.72,15.71,15.76,15.48,3524873.0,55134652.0
2014-05-05,15.72,15.72,15.8,15.6,3715069.0,58304552.0
2014-05-06,15.72,15.68,15.86,15.6,5703816.0,89626272.0
2014-05-07,15.63,15.4,15.64,15.39,5050022.0,78074568.0
2014-05-08,15.35,15.4,15.61,15.35,4424880.0,68481144.0
2014-05-09,15.47,15.4,15.5,15.35,2524029.0,38920552.0
2014-05-12,15.53,15.65,15.69,15.47,5708627.0,89093832.0
2014-05-13,15.65,15.58,15.71,15.5,4999415.0,77858600.0
2014-05-14,15.56,15.47,15.56,15.42,3304403.0,51122752.0
2014-05-15,15.47,15.34,15.5,15.31,3169844.0,48724160.0
2014-05-16,15.3,15.47,15.49,15.29,2474649.0,38121400.0
2014-05-19,15.5,15.29,15.51,15.25,4553240.0,69775144.0
2014-05-20,15.3,15.23,15.51,15.21,2715313.0,41520128.0
2014-05-21,15.21,15.31,15.31,15.11,2949834.0,44937216.0
2014-05-22,15.3,15.41,15.45,15.26,4230919.0,65075364.0
2014-05-23,15.39,15.51,15.53,15.36,3091415.0,47773536.0
2014-05-26,15.62,15.72,15.84,15.55,7650283.0,120163032.0
2014-05-27,15.72,15.63,15.76,15.6,2725030.0,42631152.0
2014-05-28,15.66,15.62,15.7,15.5,3754635.0,58561504.0
2014-05-29,15.62,15.6,15.78,15.59,4569032.0,71748704.0
2014-05-30,15.64,15.6,15.64,15.46,2941755.0,45702696.0
2014-06-03,15.6,15.49,15.66,15.48,3381001.0,52587832.0
2014-06-04,15.47,15.37,15.48,15.26,3329662.0,51037668.0
2014-06-05,15.35,15.43,15.46,15.27,2896460.0,44543112.0
2014-06-06,15.44,15.5,15.56,15.41,3227839.0,49988196.0
2014-06-09,15.5,15.47,15.54,15.26,2401519.0,37047040.0
2014-06-10,15.46,15.56,15.59,15.33,3339138.0,51770752.0
2014-06-11,15.54,15.73,15.77,15.48,7378121.0,115763360.0
2014-06-12,15.73,15.72,15.76,15.6,4077981.0,63996668.0
2014-06-13,15.73,15.84,15.93,15.67,5086987.0,80465168.0
2014-06-16,15.84,15.83,15.89,15.63,4639670.0,73145992.0
2014-06-17,15.83,15.73,15.98,15.66,5154612.0,81503728.0
2014-06-18,15.74,15.71,15.78,15.62,4301086.0,67417600.0
2014-06-19,15.72,15.66,15.73,15.36,3814314.0,59437112.0
2014-06-20,15.61,15.59,15.7,15.46,3399699.0,52795564.0
2014-06-23,15.58,15.53,15.59,15.43,4216553.0,65372152.0
2014-06-24,15.49,15.5,15.55,15.41,7589371.0,117426392.0
2014-06-25,15.51,15.62,15.64,15.49,3634822.0,56689180.0
2014-06-26,15.67,15.87,15.9,15.62,7300958.0,115080408.0
2014-06-27,15.84,15.95,16.0,15.76,8930762.0,142322800.0
2014-06-30,15.92,16.11,16.24,15.92,9407103.0,152030272.0
2014-07-01,16.17,15.98,16.18,15.85,9615585.0,153431408.0
2014-07-02,16.09,15.93,16.09,15.82,4684872.0,74571712.0
2014-07-03,15.9,16.33,16.35,15.86,11828174.0,191753488.0
2014-07-04,16.33,16.2,16.33,16.14,4545598.0,73703880.0
2014-07-07,16.21,16.18,16.37,16.14,4970591.0,80717232.0
2014-07-08,16.19,16.18,16.24,16.03,4350270.0,70097560.0
2014-07-09,16.18,15.97,16.18,15.85,4953060.0,79108280.0
2014-07-10,15.97,16.02,16.08,15.89,5039312.0,80581320.0
2014-07-11,15.99,16.12,16.21,15.91,5508252.0,88698952.0
2014-07-14,16.14,16.24,16.25,16.05,5183408.0,83612704.0
2014-07-15,16.22,16.41,16.51,16.17,9416141.0,154179184.0
2014-07-16,16.41,16.52,16.71,16.33,12945624.0,214743072.0
2014-07-17,16.54,16.33,16.58,16.28,5136047.0,84095648.0
2014-07-18,16.33,16.51,16.69,16.27,7700604.0,127372840.0
2014-07-21,16.51,16.94,17.03,16.37,18136948.0,306083360.0
2014-07-22,16.88,16.85,17.03,16.79,9317478.0,157384656.0
2014-07-23,16.84,16.77,17.04,16.69,6572338.0,110611168.0
2014-07-24,16.81,16.93,17.02,16.66,9740449.0,164522368.0
2014-07-25,16.93,16.95,17.19,16.82,8015666.0,136224048.0
2014-07-28,17.01,17.13,17.27,17.01,13858837.0,237581008.0
2014-07-29,17.13,17.49,17.64,17.07,18729017.0,325620256.0
2014-07-30,17.49,17.85,18.03,17.39,19207625.0,342709216.0
2014-07-31,17.84,18.43,18.56,17.79,23544400.0,429889024.0
2014-08-01,18.4,18.14,18.58,18.07,18684380.0,342618496.0
2014-08-04,18.13,18.29,18.4,17.93,12903553.0,234630032.0
2014-08-05,18.26,17.87,18.31,17.65,16656585.0,297722816.0
2014-08-06,17.77,17.92,18.02,17.67,9288660.0,166497104.0
2014-08-07,17.93,17.87,18.02,17.8,6816500.0,121937392.0
2014-08-08,17.83,17.74,17.86,17.44,8801735.0,155633040.0
2014-08-11,17.73,18.15,18.25,17.68,13228028.0,237838176.0
2014-08-12,18.15,18.03,18.15,17.81,7399483.0,132843176.0
2014-08-13,18.12,17.87,18.12,17.76,8396602.0,150118064.0
2014-08-14,17.89,17.65,17.94,17.64,6776679.0,120244848.0
2014-08-15,17.63,17.81,17.91,17.59,5624626.0,100012856.0
2014-08-18,17.84,17.89,18.04,17.77,8609861.0,153931408.0
2014-08-19,17.89,17.97,18.05,17.77,13578294.0,243583824.0
2014-08-20,17.93,17.92,18.06,17.86,5888835.0,105696384.0
2014-08-21,17.9,17.6,17.95,17.53,8490653.0,149941264.0
2014-08-22,17.61,17.75,17.8,17.47,6737048.0,118741912.0
2014-08-25,17.74,17.56,17.74,17.51,4107110.0,72193336.0
2014-08-26,17.56,17.16,17.68,17.01,8736782.0,150728256.0
2014-08-27,17.15,17.14,17.34,17.01,5333002.0,91570536.0
2014-08-28,17.14,17.26,17.3,16.99,5892864.0,100977760.0
2014-08-29,17.26,17.49,17.55,17.2,4816751.0,83735920.0
2014-09-01,17.49,17.53,17.65,17.39,4698399.0,82374952.0
2014-09-02,17.54,17.7,17.75,17.53,7132082.0,125994536.0
2014-09-03,17.66,17.7,17.82,17.65,6897101.0,122330256.0
2014-09-04,17.7,17.57,17.73,17.42,12304291.0,215315472.0
2014-09-05,17.58,17.87,17.89,17.54,11879172.0,210172160.0
2014-09-09,17.9,17.77,17.91,17.63,8342936.0,147894944.0
2014-09-10,17.67,17.64,17.71,17.56,6671599.0,117550464.0
2014-09-11,17.61,17.48,17.78,17.41,11456495.0,201507712.0
2014-09-12,17.47,17.5,17.52,17.37,7403775.0,129108328.0
2014-09-15,17.5,17.4,17.5,17.34,10643423.0,185043920.0
2014-09-16,17.41,17.07,17.46,17.04,13422036.0,231305376.0
2014-09-17,17.07,17.27,17.32,17.05,7876406.0,135263136.0
2014-09-18,17.29,17.33,17.5,17.19,8411339.0,146232448.0
2014-09-19,17.33,17.38,17.41,17.32,5847716.0,101615648.0
2014-09-22,17.39,17.1,17.39,17.07,9924759.0,170328192.0
2014-09-23,17.1,17.22,17.3,17.09,5765214.0,99150696.0
2014-09-24,17.22,17.5,17.53,17.15,9931266.0,172993200.0
2014-09-25,17.52,17.58,17.76,17.48,12172595.0,215021328.0
2014-09-26,17.56,17.63,17.72,17.49,5793388.0,102091920.0
2014-09-29,17.7,17.66,17.88,17.63,9374433.0,166247056.0
2014-09-30,17.73,17.69,17.75,17.58,8030021.0,141673280.0
2014-10-08,17.75,18.36,18.38,17.58,25932273.0,468392000.0
2014-10-09,18.36,18.16,18.36,17.91,16352642.0,296264480.0
2014-10-10,18.03,18.0,18.3,17.93,9603396.0,173719840.0
2014-10-13,18.0,18.08,18.17,17.73,13570827.0,243591776.0
2014-10-14,18.08,17.96,18.08,17.9,9751143.0,175125904.0
2014-10-15,17.93,18.31,18.39,17.88,17380392.0,316839200.0
2014-10-16,18.23,18.1,18.59,18.04,18130591.0,332885728.0
2014-10-17,17.94,17.92,18.11,17.68,10515250.0,187978368.0
2014-10-20,17.93,18.2,18.32,17.89,8809101.0,159930720.0
2014-10-21,18.19,17.97,18.21,17.95,5996064.0,108134360.0
2014-10-22,17.94,17.46,17.98,17.42,8506075.0,150559488.0
2014-10-23,17.46,17.2,17.57,17.09,7629321.0,131972952.0
2014-10-24,17.22,17.25,17.31,17.07,4451788.0,76603000.0
2014-10-27,17.23,17.33,17.38,17.04,3935761.0,68054432.0
2014-10-28,17.34,17.54,17.56,17.34,5121635.0,89277440.0
2014-10-29,17.6,17.46,17.63,17.34,8144826.0,142243136.0
2014-10-30,17.51,17.49,17.71,17.43,7574866.0,133049824.0
2014-10-31,17.6,17.49,17.66,17.28,8586677.0,149547904.0
2014-11-03,17.49,17.63,17.71,17.44,7615297.0,134051216.0
2014-11-04,17.63,17.24,17.63,17.23,11034016.0,191231728.0
2014-11-05,17.21,16.91,17.32,16.88,19216494.0,326327488.0
2014-11-06,16.92,16.98,17.02,16.79,14258939.0,240941392.0
2014-11-07,16.93,16.99,17.09,16.87,9827145.0,166862048.0
2014-11-10,17.12,17.31,17.42,17.12,13333882.0,230029872.0
2014-11-11,17.36,17.56,17.99,17.32,31407014.0,553995968.0
2014-11-12,17.5,17.73,17.78,17.31,13882754.0,244581504.0
2014-11-13,17.71,17.53,17.71,17.4,10886821.0,190588560.0
2014-11-14,17.49,18.15,18.18,17.39,33369658.0,598936768.0
2014-11-17,18.55,17.9,18.65,17.84,20208268.0,365464384.0
2014-11-18,17.8,17.52,17.9,17.47,13493059.0,237166464.0
2014-11-19,17.52,18.12,18.12,17.45,18434507.0,328678880.0
2014-11-20,18.01,18.19,18.21,17.89,15627826.0,282253024.0
2014-11-21,18.12,18.17,18.23,17.92,13268817.0,240389936.0
2014-11-24,18.26,18.37,18.58,18.03,21411924.0,391933440.0
2014-11-25,18.33,18.64,18.65,18.18,18150554.0,335320128.0
2014-11-26,18.61,18.78,18.79,18.47,19988736.0,372387072.0
2014-11-27,18.81,18.75,18.91,18.59,17696490.0,331797312.0
2014-11-28,18.66,18.64,18.82,18.48,17712036.0,329207168.0
2014-12-01,18.65,19.19,19.47,18.46,27232353.0,515936352.0
2014-12-02,19.19,19.2,19.41,19.02,15323784.0,294035648.0
2014-12-03,19.17,19.46,19.8,19.08,20130140.0,390988320.0
2014-12-04,19.52,20.4,20.88,19.52,26773858.0,545330688.0
2014-12-05,20.44,20.76,20.78,19.33,29968740.0,602337344.0
2014-12-08,20.61,20.72,21.02,20.08,31159190.0,637718720.0
2014-12-09,21.02,20.25,21.02,19.85,37869997.0,776053248.0
2014-12-10,20.18,21.18,21.44,20.18,26738182.0,557248768.0
2014-12-11,21.2,20.66,21.2,20.36,17669125.0,366072000.0
2014-12-12,20.65,20.65,20.8,20.39,15947130.0,327934304.0
2014-12-15,20.55,20.66,20.77,20.18,15858893.0,325084832.0
2014-12-16,20.55,20.38,20.58,20.18,13318955.0,271057152.0
2014-12-17,20.35,20.2,20.46,19.89,15547610.0,313062048.0
2014-12-18,20.14,20.34,20.6,20.13,11642592.0,237027904.0
2014-12-19,20.31,20.32,20.42,20.04,11908449.0,240879952.0
2014-12-22,20.32,19.61,20.32,19.24,20878999.0,408212960.0
2014-12-23,19.61,19.68,19.93,19.15,12186635.0,238178624.0
2014-12-24,19.5,19.75,19.99,19.39,9522880.0,187508592.0
2014-12-25,19.71,19.89,20.12,19.61,10270345.0,203903216.0
2014-12-26,19.88,19.53,19.97,19.15,17025470.0,331623296.0
2014-12-29,19.52,19.66,20.08,19.25,14580650.0,286195200.0
2014-12-30,19.52,20.6,20.63,19.43,27255408.0,555349184.0
2014-12-31,20.56,20.95,21.16,20.32,21602881.0,447532320.0
2015-01-05,21.02,20.92,21.19,20.56,19311767.0,404291200.0
2015-01-06,20.74,22.75,23.01,20.64,49813901.0,1122867968.0
2015-01-07,22.42,22.29,22.58,21.79,27053954.0,600466432.0
2015-01-08,22.27,22.1,22.75,21.95,17787839.0,397410784.0
2015-01-09,22.0,22.03,22.56,21.96,15012939.0,334099456.0
2015-01-12,21.91,22.3,22.46,21.36,14841283.0,324767040.0
2015-01-13,22.3,22.25,23.07,22.18,16306468.0,369923296.0
2015-01-14,22.09,22.35,22.58,21.93,9195417.0,204366688.0
2015-01-15,22.32,22.35,22.65,22.16,8376273.0,187576496.0
2015-01-16,22.41,22.82,22.86,22.16,11296296.0,253581120.0
2015-01-19,22.37,21.37,22.73,20.9,17761888.0,390060768.0
2015-01-20,21.44,21.85,22.03,21.44,11753177.0,255217984.0
2015-01-21,21.88,22.12,22.13,21.49,13918656.0,304922176.0
2015-01-22,22.03,22.3,22.38,21.84,11391867.0,252127504.0
2015-01-23,22.19,21.89,22.37,21.84,8542878.0,188541552.0
2015-01-26,21.88,22.6,22.72,21.77,13509221.0,301383200.0
2015-01-27,22.61,22.11,22.81,21.67,14272490.0,317234496.0
2015-01-28,22.0,21.73,22.26,21.67,10136007.0,222485264.0
2015-01-29,21.49,21.37,21.72,21.3,8373492.0,179455200.0
2015-01-30,21.47,21.09,21.66,21.03,8437164.0,179470912.0
2015-02-02,20.97,20.69,21.02,20.57,8405636.0,174550912.0
2015-02-03,20.84,20.96,21.13,20.7,9234544.0,192988272.0
2015-02-04,20.99,20.7,21.22,20.68,8218193.0,172170528.0
2015-02-05,20.96,20.6,21.2,20.58,8246717.0,172362176.0
2015-02-06,20.55,21.12,21.37,18.68,13587846.0,283419648.0
2015-02-09,20.88,20.75,21.17,20.58,8455887.0,176522400.0
2015-02-10,20.57,20.04,20.75,19.61,16711866.0,334710784.0
2015-02-11,19.89,20.32,20.36,19.75,10774414.0,216412368.0
2015-02-12,20.24,20.07,20.24,19.91,8131727.0,162910848.0
2015-02-13,20.13,20.48,20.74,20.06,13508250.0,276297760.0
2015-02-16,20.46,20.74,20.9,20.4,9509734.0,197312288.0
2015-02-17,20.88,21.08,21.29,20.88,9509207.0,200696640.0
2015-02-25,21.14,20.86,21.14,20.65,8462590.0,176461248.0
2015-02-26,20.98,21.07,21.09,20.86,7076083.0,148403264.0
2015-02-27,21.03,21.05,21.17,20.92,9918054.0,208966944.0
2015-03-02,21.07,20.98,21.07,20.74,12929202.0,269586496.0
2015-03-03,20.86,21.35,21.45,20.79,18648733.0,395652000.0
2015-03-04,21.35,21.73,21.86,21.09,18211716.0,390894016.0
2015-03-05,21.48,21.48,22.16,21.26,18386866.0,398464224.0
2015-03-06,21.48,21.03,21.48,20.83,11749686.0,247257152.0
2015-03-09,20.87,21.2,21.21,20.69,9612399.0,201635184.0
2015-03-10,21.09,21.21,21.27,20.98,10212411.0,215764256.0
2015-03-11,21.21,20.97,21.33,20.88,8557166.0,180277104.0
2015-03-12,20.98,21.24,21.36,20.83,12284812.0,259647472.0
2015-03-13,21.25,21.17,21.47,21.06,10742058.0,228488192.0
2015-03-16,21.22,22.11,22.26,21.11,30445976.0,662454400.0
2015-03-17,22.04,21.82,22.16,21.65,22100865.0,483491456.0
2015-03-18,21.81,22.09,22.1,21.62,20758700.0,453782848.0
2015-03-19,22.06,22.43,22.47,21.87,26279340.0,582238784.0
2015-03-20,22.34,22.52,22.64,22.18,30084749.0,673758976.0
2015-03-23,22.57,22.85,22.92,22.44,24599812.0,558430336.0
2015-03-24,22.98,24.57,25.03,22.51,50675540.0,1191945856.0
2015-03-25,24.37,25.21,25.25,24.08,36826395.0,916980544.0
2015-03-26,24.8,24.45,25.13,24.36,21593004.0,534366528.0
2015-03-27,24.44,24.45,24.86,24.28,14931153.0,366947776.0
2015-03-30,24.49,24.5,24.7,24.12,17264502.0,420730016.0
2015-03-31,24.52,24.38,25.07,24.35,19649035.0,485320736.0
2015-04-01,24.29,24.7,25.0,24.29,17027971.0,419986048.0
2015-04-02,24.75,24.73,25.11,24.38,19844356.0,490723200.0
2015-04-03,24.73,25.55,25.72,24.49,27786545.0,701171136.0
2015-04-07,25.67,26.9,26.97,25.67,39669688.0,1044171328.0
2015-04-08,26.88,27.28,27.56,26.16,45047182.0,1221757184.0
2015-04-09,27.38,27.74,28.25,26.07,33966335.0,925095168.0
2015-04-10,27.26,28.49,28.75,27.17,25946421.0,731206656.0
2015-04-13,28.44,29.66,29.7,27.84,38392295.0,1104631936.0
2015-04-14,30.71,31.65,31.88,29.88,43826254.0,1365758720.0
2015-04-15,31.65,29.59,31.65,29.24,24910520.0,764178624.0
2015-04-16,29.24,30.78,30.93,28.86,25043110.0,758952128.0
2015-04-17,30.92,31.01,31.9,30.55,34988707.0,1093778048.0
2015-04-20,30.82,29.88,30.82,28.84,36508209.0,1088164864.0
2015-04-21,29.7,30.74,30.96,29.38,21122787.0,636958016.0
2015-04-22,30.64,31.32,32.69,30.46,18330042.0,580958912.0
2015-04-23,31.72,30.88,31.72,30.78,15018627.0,467343168.0
2015-04-24,30.36,30.02,31.27,29.7,18423619.0,556982976.0
2015-04-27,30.04,30.58,30.94,29.8,18195182.0,550296384.0
2015-04-28,31.19,31.12,32.1,30.28,30392113.0,948645824.0
2015-04-29,30.43,30.99,31.42,30.15,14945709.0,460308864.0
2015-04-30,31.16,30.09,31.52,30.06,17784883.0,542861376.0
2015-05-04,30.09,29.18,30.09,28.83,20294573.0,593343104.0
2015-05-05,28.96,28.53,29.53,28.03,14147821.0,407399104.0
2015-05-06,28.63,28.14,29.14,28.03,14816723.0,424514016.0
2015-05-07,28.18,27.47,28.67,26.94,16172229.0,448117696.0
2015-05-08,28.01,28.96,28.96,27.65,17124848.0,483278368.0
2015-05-11,28.96,30.8,30.92,28.96,27461377.0,828382336.0
2015-05-12,30.82,30.44,30.86,29.89,20304082.0,614415488.0
2015-05-13,30.26,30.23,30.68,29.92,13286440.0,401369600.0
2015-05-14,30.22,29.92,30.82,29.71,14010016.0,423833280.0
2015-05-15,29.76,29.01,29.77,28.65,14079542.0,408533088.0
2015-05-18,28.69,29.01,29.59,28.35,16153433.0,469646336.0
2015-05-19,29.01,29.41,29.61,28.64,14832494.0,435159136.0
2015-05-20,29.5,29.73,30.4,29.42,22036418.0,662565696.0
2015-05-21,29.74,30.8,30.82,29.71,18453601.0,561791296.0
2015-05-22,30.9,30.91,31.52,30.36,26459650.0,816435712.0
2015-05-25,30.92,34.0,34.0,30.92,63944330.0,2145964672.0
2015-05-26,34.14,34.17,34.79,33.72,61042730.0,2088905088.0
2015-05-27,34.19,36.17,37.37,33.23,42616053.0,1487263872.0
2015-05-28,36.2,34.42,38.1,33.63,48129276.0,1744284416.0
2015-05-29,34.33,35.81,36.1,33.53,34987459.0,1231490304.0
2015-06-01,36.32,39.12,39.21,36.32,37659915.0,1410203904.0
2015-06-02,39.04,39.66,39.94,38.0,32306223.0,1261490816.0
2015-06-03,39.7,39.92,41.56,37.36,30748143.0,1224727424.0
2015-06-04,39.51,39.53,39.82,36.33,24159943.0,928924928.0
2015-06-05,39.6,39.91,40.99,38.18,31050907.0,1236817024.0
2015-06-08,39.7,39.63,39.98,38.09,26219188.0,1019899008.0
2015-06-09,39.21,38.64,39.23,38.16,19502038.0,752727296.0
2015-06-10,38.3,38.33,38.91,37.75,18362075.0,706645632.0
2015-06-11,38.33,38.87,38.94,37.48,24634710.0,944946304.0
2015-06-12,38.93,39.32,40.52,38.68,27884824.0,1105977856.0
2015-06-15,39.6,40.25,40.91,39.14,27329109.0,1097760128.0
2015-06-16,39.43,37.67,40.16,37.4,24371006.0,938630528.0
2015-06-17,37.56,38.01,38.48,36.32,19443479.0,731097600.0
2015-06-18,37.73,36.9,38.45,36.78,13327468.0,503181472.0
2015-06-19,36.43,34.65,36.53,33.44,17688794.0,625431680.0
2015-06-23,34.56,36.99,37.7,32.93,23799331.0,838066432.0
2015-06-24,36.52,37.77,38.42,36.24,22197977.0,834815424.0
2015-06-25,37.77,36.6,38.76,35.49,19315467.0,727345152.0
2015-06-26,35.19,32.93,36.61,32.93,25705429.0,877693184.0
2015-06-29,34.54,30.56,34.54,29.64,35226688.0,1102226560.0
2015-06-30,27.66,33.54,33.62,27.51,52282129.0,1554526848.0
2015-07-01,33.5,30.85,34.28,30.8,30190398.0,995567296.0
2015-07-02,30.94,27.84,31.62,27.77,37545054.0,1089578496.0
2015-07-03,27.55,25.06,28.5,25.06,47371299.0,1223196032.0
2015-07-06,27.56,25.97,27.56,22.98,62400604.0,1582392320.0
2015-07-07,24.85,23.41,25.87,23.37,53390513.0,1276886528.0
2015-07-08,21.06,21.06,21.06,21.06,28864056.0,607948032.0
2015-07-09,21.06,23.17,23.17,19.19,43791523.0,966244928.0
2015-07-10,24.85,25.49,25.49,24.36,59850297.0,1521558144.0
2015-07-13,26.25,28.04,28.04,26.18,63294417.0,1736505088.0
2015-07-14,28.13,27.65,29.41,26.62,52905550.0,1482344320.0
2015-07-15,26.81,24.88,27.16,24.88,32694329.0,846185024.0
2015-07-16,24.88,26.46,26.7,23.26,43954639.0,1144622592.0
2015-07-17,26.48,28.19,28.39,26.48,23319301.0,645464000.0
2015-07-20,27.85,28.11,29.1,27.27,23436492.0,659158656.0
2015-07-21,27.65,28.02,28.49,27.21,21109843.0,591274176.0
2015-07-22,28.0,27.79,28.49,26.81,20463528.0,567360448.0
2015-07-23,27.86,29.1,29.33,27.86,29959336.0,859282240.0
2015-07-24,29.1,28.7,30.16,28.49,41172272.0,1214419200.0
2015-07-27,28.02,25.85,28.92,25.84,25874869.0,712876928.0
2015-07-28,25.33,26.42,26.9,24.23,32619540.0,833755392.0
2015-07-29,26.54,27.97,28.01,26.25,22881664.0,613870208.0
2015-07-30,27.88,27.6,29.05,27.19,31710236.0,900683968.0
2015-07-31,27.18,28.07,28.51,27.18,14961583.0,416991296.0
2015-08-03,28.1,28.65,29.41,27.5,21772299.0,617841216.0
2015-08-04,28.86,29.7,29.83,28.4,26339959.0,766754176.0
2015-08-05,29.43,28.51,29.77,28.39,15908139.0,462506016.0
2015-08-06,28.12,28.07,28.76,27.94,9586596.0,271719680.0
2015-08-07,28.42,28.37,28.7,27.97,9288967.0,263500864.0
2015-08-10,28.49,29.63,29.73,28.49,24505841.0,716070272.0
2015-08-11,29.44,29.1,29.7,28.65,20007144.0,582358272.0
2015-08-12,28.6,28.22,29.28,28.19,18738423.0,535860544.0
2015-08-13,27.57,28.48,28.51,27.57,12947882.0,363393696.0
2015-08-14,28.51,28.83,29.36,28.23,17023074.0,492851072.0
2015-08-17,28.83,29.54,29.64,28.3,19253152.0,560280512.0
2015-08-18,29.55,27.29,29.69,26.88,21719736.0,616428928.0
2015-08-19,26.3,27.83,27.94,26.16,15229268.0,411399392.0
2015-08-20,27.47,27.12,27.85,27.07,11160442.0,304694112.0
2015-08-21,26.96,25.42,26.96,25.22,13635235.0,355724320.0
2015-08-24,23.64,22.88,24.89,22.88,29312701.0,680084672.0
2015-08-25,21.28,20.6,22.82,20.6,34708269.0,736199552.0
2015-08-26,20.72,21.14,22.66,19.48,32884501.0,699974272.0
2015-08-27,21.69,22.56,22.59,21.31,24895157.0,543204352.0
2015-08-28,22.77,23.65,23.99,22.47,19306797.0,444175744.0
2015-08-31,23.15,23.35,23.39,22.39,18005770.0,412061952.0
2015-09-01,23.29,22.61,23.29,21.41,22492191.0,498360672.0
2015-09-02,21.66,22.7,22.91,21.4,26361357.0,591040896.0
2015-09-07,22.58,22.16,23.52,21.99,11804705.0,269787168.0
2015-09-08,22.02,22.94,22.98,21.67,8731699.0,194902352.0
2015-09-09,23.14,23.65,23.88,22.96,13388120.0,315351840.0
2015-09-10,23.34,23.13,23.59,22.88,9278604.0,215176592.0
2015-09-11,23.01,22.59,23.32,22.31,7412934.0,168294672.0
2015-09-14,22.68,22.42,22.86,21.34,17124325.0,379680224.0
2015-09-15,21.92,21.26,22.11,21.17,8745594.0,188867520.0
2015-09-16,21.39,22.63,23.03,21.28,10108853.0,222677232.0
2015-09-17,22.22,21.9,22.86,21.86,9761098.0,217492576.0
2015-09-18,22.1,21.82,22.2,21.59,5691591.0,124157704.0
2015-09-21,21.58,22.09,22.35,21.46,9418496.0,206916992.0
2015-09-22,22.13,22.39,22.55,21.92,10968156.0,244874368.0
2015-09-23,22.16,22.36,22.69,21.9,7078558.0,157763216.0
2015-09-24,22.39,22.62,22.77,22.31,5918932.0,133228344.0
2015-09-25,22.62,21.9,22.68,21.62,5910447.0,130615576.0
2015-09-28,21.84,21.68,21.92,21.41,7616215.0,164317936.0
2015-09-29,21.45,20.98,21.54,20.73,8676652.0,183362064.0
2015-09-30,21.0,21.14,21.24,20.99,3243271.0,68520152.0
2015-10-08,22.59,22.53,23.02,22.4,19119977.0,434169536.0
2015-10-09,22.58,22.63,22.68,21.97,11051245.0,246716960.0
2015-10-12,22.65,23.55,23.84,22.63,15923942.0,370022432.0
2015-10-13,23.46,23.87,24.0,23.24,11245702.0,265008848.0
2015-10-14,23.71,23.45,23.81,23.33,7964722.0,187653824.0
2015-10-15,23.39,23.99,24.06,23.25,8165730.0,193926720.0
2015-10-16,24.25,24.42,24.44,23.86,13229018.0,319453024.0
2015-10-19,24.46,23.75,24.73,23.57,13967967.0,336969888.0
2015-10-20,23.75,24.33,24.37,23.63,11185667.0,268700192.0
2015-10-21,24.36,23.56,24.79,23.24,16960129.0,409150944.0
2015-10-22,23.72,24.08,24.27,23.33,8252762.0,196674144.0
2015-10-23,24.46,25.24,26.16,24.11,22544259.0,567779200.0
2015-10-26,25.44,25.4,25.73,24.78,14549637.0,368273408.0
2015-10-27,25.15,25.24,25.28,24.46,9627525.0,239731984.0
2015-10-28,25.25,24.46,25.54,24.37,7973495.0,198845936.0
2015-10-29,24.49,24.44,24.74,23.52,10334855.0,248798560.0
2015-10-30,24.32,24.08,24.33,23.81,7762643.0,187238608.0
2015-11-02,23.88,23.59,24.04,23.52,8081889.0,192284640.0
2015-11-03,23.66,23.51,23.82,23.33,7672438.0,180776352.0
2015-11-04,23.66,24.45,24.51,23.62,13377678.0,323389344.0
2015-11-05,24.38,25.11,25.4,24.29,31373288.0,779749568.0
2015-11-06,24.97,25.4,25.5,24.87,14223336.0,359250464.0
2015-11-09,25.4,25.88,26.04,25.23,15177583.0,390046912.0
2015-11-10,25.88,25.52,26.0,25.33,11663477.0,299147712.0
2015-11-11,25.43,25.41,25.64,24.99,11985466.0,302528864.0
2015-11-12,25.42,25.57,25.82,25.12,13903071.0,354817440.0
2015-11-13,25.08,24.7,25.36,24.61,11303483.0,280858688.0
2015-11-16,24.37,24.77,24.78,24.23,9446491.0,231582944.0
2015-11-17,24.85,24.81,25.48,24.71,18646615.0,466714528.0
2015-11-18,25.03,25.06,25.27,24.82,13577881.0,340419680.0
2015-11-19,25.14,26.3,26.32,25.14,20094897.0,517892192.0
2015-11-20,26.3,25.9,26.34,25.59,11345902.0,294124064.0
2015-11-23,25.78,25.48,25.92,25.3,9604941.0,245554672.0
2015-11-24,25.64,25.23,25.64,24.92,12926683.0,324369888.0
2015-11-25,25.12,25.4,25.42,24.84,13109439.0,329370816.0
2015-11-26,25.4,25.02,25.5,24.84,13515885.0,338971328.0
2015-11-27,24.82,24.06,25.03,23.99,15149207.0,372706432.0
2015-11-30,24.37,25.02,25.03,24.1,20590619.0,507428768.0
2015-12-01,24.89,26.54,26.78,24.47,32282227.0,839327338.0
2015-12-02,26.27,27.03,27.38,26.12,30147431.0,807643072.0
2015-12-03,26.82,27.25,27.61,26.42,20296069.0,551081031.0
2015-12-04,27.13,26.54,27.13,26.48,11952738.0,320200000.0
2015-12-07,26.63,29.2,29.2,26.63,41612832.0,1200076843.0
2015-12-08,29.17,31.55,32.11,28.86,50079817.0,1536523392.0
2015-12-09,31.43,31.56,32.09,30.2,23845288.0,741219260.0
2015-12-10,31.24,31.48,33.83,30.77,25397024.0,820886016.0
2015-12-11,31.43,32.49,32.91,31.08,21776357.0,701047488.0
2015-12-14,32.13,33.25,33.4,32.13,27123307.0,891456768.0
2015-12-15,32.58,32.5,33.21,32.16,20921887.0,682414272.0
2015-12-16,32.15,31.7,32.45,31.13,17100336.0,538605760.0
2015-12-17,31.71,34.87,34.87,31.57,35017173.0,1174461056.0
2015-12-18,34.14,34.78,36.63,33.87,31973040.0,1124433536.0
2015-12-21,34.91,38.26,38.26,34.91,43296881.0,1625563136.0
2015-12-22,39.33,38.67,40.4,37.64,40816072.0,1586829767.0
2015-12-23,39.61,38.87,41.87,37.93,43638512.0,1746070912.0
2015-12-24,38.01,36.18,38.01,35.18,30560926.0,1105415040.0
2015-12-25,36.32,36.23,36.85,35.18,24539390.0,880662790.0
2015-12-28,36.22,37.03,38.62,34.82,38066185.0,1370048357.0
2015-12-29,36.23,38.46,40.74,35.0,39055717.0,1435185754.0
2015-12-30,38.44,38.3,39.78,37.53,25144078.0,975980067.0
2015-12-31,37.78,41.97,42.06,37.37,59129378.0,2403404644.0
2016-01-04,41.29,37.78,41.29,37.78,26775274.0,1032267442.0
2016-01-05,34.48,34.43,37.19,34.0,39335279.0,1369515088.0
2016-01-06,34.39,34.62,35.0,32.74,28172999.0,959160577.0
2016-01-07,33.4,31.15,33.59,31.15,6249932.0,201347355.0
2016-01-08,31.52,31.21,32.46,29.37,23812888.0,746529008.0
2016-01-11,30.11,29.17,31.89,28.84,17949711.0,545371436.0
2016-01-12,29.92,30.92,31.96,29.26,23337321.0,715912688.0
2016-01-13,31.13,29.6,31.27,29.36,15719630.0,476269294.0
2016-01-14,28.6,31.05,31.33,28.25,17368141.0,526271291.0
2016-01-15,31.05,30.0,31.61,29.52,16220273.0,495233429.0
2016-01-18,29.22,30.07,30.8,29.22,11933766.0,360259333.0
2016-01-19,29.7,31.06,31.3,29.7,15732014.0,479929989.0
2016-01-20,30.78,30.04,30.94,29.81,14231063.0,431810128.0
2016-01-21,29.4,27.49,29.59,27.27,21470894.0,611098903.0
2016-01-22,27.73,27.63,28.02,26.53,13069088.0,357673151.0
2016-01-25,28.03,28.91,29.07,27.66,13399701.0,379963701.0
2016-01-26,28.56,26.18,28.69,26.02,13430108.0,369592171.0
2016-01-27,26.35,27.27,27.47,25.29,14548179.0,385351258.0
2016-01-28,26.84,26.36,27.21,25.53,9182914.0,244375999.0
2016-01-29,26.25,27.35,27.75,26.06,8770218.0,237713895.0
2016-02-01,27.37,26.81,27.5,26.16,6455351.0,173139453.0
2016-02-02,26.91,27.44,27.68,26.91,7101758.0,194619475.0
2016-02-03,27.08,26.87,27.1,26.35,7294096.0,194393890.0
2016-02-04,26.99,27.26,27.63,26.92,8231101.0,224802426.0
2016-02-05,27.49,28.89,29.87,27.33,19811177.0,566221142.0
2016-02-15,28.38,29.79,30.66,28.24,19383724.0,575840771.0
2016-02-16,29.64,30.1,30.37,29.24,20581378.0,616255087.0
2016-02-17,30.11,29.45,30.25,29.07,28741183.0,845068470.0
2016-02-18,29.34,28.92,29.39,28.84,18710570.0,544622175.0
2016-02-19,28.89,29.29,29.48,28.75,13213819.0,384672639.0
2016-02-22,29.8,29.49,29.83,29.17,17360592.0,510208835.0
2016-02-23,29.49,28.92,29.49,28.51,12412602.0,359716108.0
2016-02-24,28.89,28.51,29.15,27.95,11659705.0,332390741.0
2016-02-25,28.6,26.87,29.49,26.25,23630596.0,665482899.0
2016-02-26,26.99,26.84,27.16,26.13,13532692.0,360985194.0
2016-02-29,26.68,25.55,26.68,24.73,13947319.0,354096622.0
2016-03-01,25.55,25.74,26.01,24.93,10141488.0,258585357.0
2016-03-02,25.78,26.6,26.62,25.75,22606368.0,595095228.0
2016-03-03,26.6,26.55,26.95,26.35,17876761.0,475369285.0
2016-03-04,26.52,27.3,27.84,26.09,26346283.0,708848926.0
2016-03-07,27.03,27.09,27.54,26.82,14954299.0,406744606.0
2016-03-08,27.12,26.82,27.15,25.66,15410356.0,405683765.0
2016-03-09,26.25,26.59,26.62,25.98,8915596.0,234543131.0
2016-03-10,26.52,26.02,26.78,25.88,8083575.0,213277424.0
2016-03-11,25.63,25.84,26.02,25.41,5306670.0,136545608.0
2016-03-14,26.08,26.4,26.78,26.06,11334182.0,299858639.0
2016-03-15,26.18,26.25,26.44,26.04,5836310.0,153078023.0
2016-03-16,26.23,26.79,26.91,26.23,15205978.0,406324064.0
2016-03-17,26.53,27.11,27.3,26.33,14233248.0,382700076.0
2016-03-18,27.0,27.36,27.72,27.0,18955110.0,519097462.0
2016-03-21,27.47,27.89,28.2,27.39,20010893.0,557142331.0
2016-03-22,27.66,27.27,27.89,27.25,15145779.0,415715557.0
2016-03-23,27.19,27.22,27.41,26.94,9242136.0,250998538.0
2016-03-24,27.19,26.76,27.19,26.75,8571299.0,230789125.0
2016-03-25,26.72,27.47,27.47,26.7,14698148.0,400829514.0
2016-03-28,27.72,27.63,27.96,27.4,16858798.0,466491591.0
2016-03-29,27.57,27.07,27.62,26.96,9035944.0,245110225.0
2016-03-30,27.3,28.75,28.77,27.25,28378314.0,802931275.0
2016-03-31,28.75,28.39,28.82,28.09,18049546.0,513249229.0
2016-04-01,28.3,28.04,28.3,27.37,12053190.0,335673933.0
2016-04-05,28.0,28.43,28.68,27.88,12487973.0,353970743.0
2016-04-06,28.41,28.27,28.69,28.06,9943034.0,281715476.0
2016-04-07,28.37,28.07,28.62,28.04,9620535.0,272284326.0
2016-04-08,27.95,27.86,28.03,27.57,6879596.0,191051620.0
2016-04-11,28.1,28.3,28.38,27.94,15625491.0,439855441.0
2016-04-12,28.32,28.12,28.35,28.02,7188750.0,201951328.0
2016-04-13,28.23,28.14,28.51,27.89,21626705.0,610545175.0
2016-04-14,28.18,28.11,28.23,27.94,9642344.0,270518142.0
2016-04-15,28.2,28.07,28.23,27.99,6781682.0,190353499.0
2016-04-18,28.04,27.47,28.05,27.46,8274168.0,228476136.0
2016-04-19,27.58,27.38,27.69,27.2,5889900.0,161164490.0
2016-04-20,27.43,26.72,27.55,25.51,14756891.0,391674916.0
2016-04-21,26.43,26.34,26.71,26.25,5029311.0,133040940.0
2016-04-22,26.25,26.65,27.15,26.11,7335191.0,195549361.0
2016-04-25,26.61,26.23,26.61,26.02,5673306.0,148768899.0
2016-04-26,26.24,26.34,26.57,26.16,5865613.0,154323994.0
2016-04-27,26.35,26.27,26.56,26.23,3560645.0,93898191.0
2016-04-28,26.44,26.12,26.52,25.86,4071720.0,106350426.0
2016-04-29,26.11,26.22,26.43,25.89,5258702.0,138059750.0
2016-05-03,26.22,27.13,27.37,26.22,10088588.0,272304844.0
2016-05-04,27.0,27.02,27.47,26.92,6336872.0,172309302.0
2016-05-05,27.12,26.93,27.13,26.64,4772070.0,128293826.0
2016-05-06,26.92,26.26,27.03,26.25,6748162.0,179067031.0
2016-05-09,26.14,25.74,26.14,25.53,5932306.0,152755317.0
2016-05-10,25.72,25.73,25.76,25.52,3322363.0,85269017.0
2016-05-11,25.8,26.62,27.22,25.7,16622753.0,443329981.0
2016-05-12,26.07,26.16,26.3,25.73,8603622.0,223924538.0
2016-05-13,25.89,25.94,26.52,25.83,5456154.0,142287911.0
2016-05-16,25.8,26.22,26.32,25.75,5670532.0,148073502.0
2016-05-17,26.33,26.1,26.39,25.97,5860725.0,153289615.0
2016-05-18,25.97,25.66,25.99,25.4,7070395.0,181494587.0
2016-05-19,25.66,25.63,25.88,25.59,3447832.0,88728829.0
2016-05-20,25.5,25.45,25.64,25.12,7699559.0,195462093.0
2016-05-23,25.53,25.52,25.64,25.41,6114307.0,155918972.0
2016-05-24,25.52,25.35,25.52,25.22,4488060.0,113644518.0
2016-05-25,25.4,25.45,25.54,25.23,4550529.0,115628639.0
2016-05-26,25.38,25.38,25.5,25.13,3833333.0,96858504.0
2016-05-27,25.39,25.3,25.45,25.22,3696166.0,93554202.0
2016-05-30,25.31,25.16,25.32,24.94,3412735.0,85896816.0
2016-05-31,25.22,25.88,25.92,25.22,13237951.0,339949153.0
2016-06-01,25.92,25.68,26.02,25.66,9465820.0,244096160.0
2016-06-02,25.65,25.72,25.76,25.57,5343552.0,137127766.0
2016-06-03,25.78,26.36,26.71,25.73,15230132.0,400479480.0
2016-06-06,26.44,26.1,26.46,25.89,7750019.0,202697392.0
2016-06-07,26.16,26.11,26.5,26.07,6431175.0,168827768.0
2016-06-08,26.19,26.02,26.23,25.88,5488561.0,142852003.0
2016-06-13,25.84,25.24,25.84,25.23,8198987.0,209000086.0
2016-06-14,25.2,25.09,25.35,24.99,6420105.0,161160366.0
2016-06-15,24.93,25.52,25.53,24.85,7478848.0,189457961.0
2016-06-16,25.4,25.24,25.4,25.19,5073607.0,128174770.0
2016-06-17,25.24,25.32,25.55,25.24,4227930.0,107360113.0
2016-06-20,25.32,25.84,25.92,25.19,8415676.0,216103483.0
2016-06-21,25.93,25.49,26.01,25.41,5847010.0,150520328.0
2016-06-22,25.55,25.96,26.07,25.5,6735193.0,174418477.0
2016-06-23,26.01,25.85,26.03,25.69,4326971.0,111661836.0
2016-06-24,25.76,25.44,26.04,24.93,6072847.0,155096074.0
2016-06-27,25.44,25.75,25.78,25.31,4546235.0,116482298.0
2016-06-28,25.68,28.33,28.33,25.59,43404101.0,1197271180.0
2016-06-29,29.03,27.82,29.07,27.64,23844742.0,673414937.0
2016-06-30,28.08,28.03,28.76,27.83,21061350.0,596141128.0
2016-07-01,28.12,27.81,28.27,27.75,9522024.0,265675754.0
2016-07-04,27.62,28.24,28.48,27.55,12258320.0,345786702.0
2016-07-05,28.27,28.33,28.46,27.98,10620585.0,300087031.0
2016-07-06,28.19,29.23,29.4,28.02,22976503.0,663510447.0
2016-07-07,29.06,29.71,31.27,28.93,27758349.0,837172064.0
2016-07-08,29.41,29.31,30.47,29.18,16990406.0,505255156.0
2016-07-11,29.36,30.25,30.95,29.13,20688197.0,624557996.0
2016-07-12,30.11,31.05,31.24,29.92,19710278.0,608694010.0
2016-07-13,31.04,31.07,31.13,30.44,12616082.0,388517457.0
2016-07-14,30.53,30.75,31.07,30.53,8589945.0,263840933.0
2016-07-15,30.64,30.66,31.04,30.45,7650366.0,234986010.0
2016-07-18,30.49,29.26,30.58,29.13,17195577.0,509853003.0
2016-07-19,29.27,29.59,29.63,28.89,10230054.0,299845524.0
2016-07-20,29.36,29.5,30.06,29.36,7610031.0,226448749.0
2016-07-21,29.55,29.64,30.12,29.19,9373247.0,278315747.0
2016-07-22,29.68,29.28,29.73,29.19,5996572.0,176726309.0
2016-07-25,29.31,29.39,29.65,29.17,5106160.0,150189356.0
2016-07-26,29.45,29.82,29.86,29.36,6429728.0,190218456.0
2016-07-27,29.9,29.61,30.72,28.49,16394522.0,487786237.0
2016-07-28,29.37,29.57,30.11,28.95,10912505.0,322227107.0
2016-07-29,29.57,30.1,30.59,29.43,14761517.0,445937080.0
2016-08-01,30.11,28.74,30.11,28.67,11955939.0,348019157.0
2016-08-02,28.86,28.68,28.97,28.23,7529878.0,214753946.0
2016-08-03,28.53,28.5,28.74,28.32,5526050.0,157436100.0
2016-08-04,28.52,28.67,28.83,28.44,5123289.0,146675323.0
2016-08-05,28.78,28.75,29.12,28.62,6931169.0,200137339.0
2016-08-08,28.71,29.11,29.32,28.33,6150006.0,177994952.0
2016-08-09,29.25,29.17,29.29,28.85,6058394.0,175995104.0
2016-08-10,29.16,28.91,29.17,28.82,4612089.0,133813633.0
2016-08-11,28.9,28.66,29.27,28.61,6388899.0,185460289.0
2016-08-12,28.58,30.06,30.14,28.45,12659096.0,371414833.0
2016-08-15,30.05,30.6,30.95,29.69,15038619.0,456480305.0
2016-08-16,30.53,30.18,30.86,30.01,15352221.0,465305761.0
2016-08-17,30.17,30.23,30.49,30.01,8986259.0,271484190.0
2016-08-18,30.26,30.63,31.48,30.05,19406501.0,598643300.0
2016-08-19,30.62,30.12,30.77,29.86,10026875.0,302885157.0
2016-08-22,30.26,29.58,30.29,29.44,9795079.0,291792784.0
2016-08-23,29.62,30.17,30.33,29.49,9381164.0,281787796.0
2016-08-24,30.11,29.84,30.28,29.77,5223447.0,156460950.0
2016-08-25,29.56,29.0,29.56,28.78,12151740.0,353397481.0
2016-08-26,29.12,29.15,29.45,28.98,6260345.0,183036584.0
2016-08-29,29.2,29.22,29.57,29.15,4768845.0,139844413.0
2016-08-30,29.67,29.3,29.73,29.22,5339477.0,157260527.0
2016-08-31,29.29,29.46,29.54,29.22,5033438.0,148052162.0
2016-09-01,29.53,29.21,29.61,29.15,4804935.0,141285164.0
2016-09-02,29.19,29.51,29.53,29.03,5165657.0,151780690.0
2016-09-05,29.51,29.5,29.7,29.42,3996713.0,118099831.0
2016-09-06,29.48,29.64,29.69,28.98,5783061.0,170259090.0
2016-09-07,29.64,29.73,29.86,29.53,4127367.0,122595065.0
2016-09-08,29.75,29.99,30.29,29.64,7215163.0,216346493.0
2016-09-09,29.95,29.42,30.09,29.41,5120656.0,152289204.0
2016-09-12,29.07,28.77,29.07,28.44,8956855.0,257056783.0
2016-09-13,28.79,28.69,28.9,28.45,3699629.0,106027450.0
2016-09-14,28.66,28.63,28.66,28.43,3375164.0,96380808.0
2016-09-19,28.63,29.25,29.4,28.63,7331913.0,213674781.0
2016-09-20,29.2,29.26,29.31,29.01,2834642.0,82666690.0
2016-09-21,29.2,29.34,29.43,29.1,2927720.0,85785677.0
2016-09-22,29.42,29.47,29.88,29.42,4555819.0,134980707.0
2016-09-23,29.5,29.55,29.7,29.46,3307650.0,97827395.0
2016-09-26,29.48,28.85,29.66,28.69,3444940.0,100708479.0
2016-09-27,28.89,29.08,29.1,28.78,3339474.0,96564998.0
2016-09-28,29.24,28.83,29.24,28.74,2585344.0,74684574.0
2016-09-29,28.69,28.96,29.2,28.69,3287474.0,95271534.0
2016-09-30,28.85,28.94,29.26,28.85,4066286.0,118217361.0
2016-10-10,29.1,29.6,29.81,29.06,6523547.0,192246113.0
2016-10-11,29.56,29.63,29.73,29.43,4741106.0,140245874.0
2016-10-12,29.62,29.55,29.62,29.41,3431550.0,101263297.0
2016-10-13,29.46,29.45,29.66,29.29,4746081.0,139690397.0
2016-10-14,29.45,29.24,29.5,29.01,5218841.0,152294166.0
2016-10-17,29.07,29.16,29.54,29.07,3945529.0,115460138.0
2016-10-18,29.04,29.38,29.4,29.04,3269320.0,95681121.0
2016-10-19,29.4,29.58,29.82,29.31,6148793.0,181751529.0
2016-10-20,29.53,29.52,29.64,29.42,4098751.0,121038156.0
2016-10-21,29.52,29.35,29.7,29.21,3448554.0,101561424.0
2016-10-24,29.36,29.79,30.1,29.35,11434656.0,341229889.0
2016-10-25,29.78,30.54,30.59,29.78,13001025.0,392531222.0
2016-10-26,30.5,30.28,30.77,30.12,7632074.0,231767090.0
2016-10-27,30.1,30.19,30.4,30.08,4974761.0,150519778.0
2016-10-28,30.08,29.99,30.31,29.96,4621954.0,139245278.0
2016-10-31,29.96,29.76,29.96,29.64,4322627.0,128676838.0
2016-11-01,29.76,30.02,30.08,29.76,4875588.0,145938107.0
2016-11-02,29.86,29.78,30.24,29.62,5735422.0,171330476.0
2016-11-03,29.61,29.92,30.01,29.61,4364336.0,130304406.0
2016-11-04,29.91,29.87,30.12,29.76,4278763.0,128047549.0
2016-11-07,29.87,29.78,29.99,29.71,2852741.0,85035832.0
2016-11-08,29.91,29.96,30.03,29.79,6397469.0,191318498.0
2016-11-09,29.97,29.62,30.16,29.39,6078563.0,181007086.0
2016-11-10,29.72,29.95,30.0,29.72,5099298.0,152249838.0
2016-11-11,29.95,29.85,29.95,29.68,6387848.0,190368409.0
2016-11-14,29.62,29.91,29.96,29.57,4863160.0,145029910.0
2016-11-15,29.91,30.15,30.23,29.79,6768811.0,203632291.0
2016-11-16,30.17,30.12,30.42,30.1,6246809.0,188796465.0
2016-11-17,30.1,30.01,30.1,29.78,4662702.0,139468942.0
2016-11-18,30.03,30.32,30.87,30.03,13446584.0,409678762.0
2016-11-21,30.3,31.24,31.67,30.2,20909525.0,648348388.0
2016-11-22,31.19,31.03,31.45,30.87,11355233.0,352852513.0
2016-11-23,31.03,30.85,31.34,30.71,9368444.0,289776835.0
2016-11-24,30.75,32.9,33.24,30.74,30684085.0,985208512.0
2016-11-25,32.66,32.47,32.76,31.99,20509144.0,664170840.0
2016-11-28,32.76,32.17,33.83,31.91,20238088.0,661081650.0
2016-11-29,31.86,32.88,33.5,31.65,23333982.0,763372064.0
2016-11-30,32.52,32.49,33.15,31.85,18957484.0,614651358.0
2016-12-01,32.51,33.04,33.48,32.32,18522616.0,610911571.0
2016-12-02,33.04,33.17,33.96,32.81,23851554.0,797196995.0
2016-12-05,31.63,30.83,32.11,29.96,31877275.0,989339566.0
2016-12-06,30.69,30.53,30.8,30.1,17185425.0,522862172.0
2016-12-07,30.49,30.7,30.73,30.48,7852213.0,240503089.0
2016-12-08,30.72,30.42,30.79,30.3,6287390.0,191862531.0
2016-12-09,30.51,30.71,30.95,30.23,9473545.0,289774990.0
2016-12-12,30.55,29.81,30.6,29.39,14199429.0,423988910.0
2016-12-13,29.78,29.77,29.86,29.39,5737971.0,170070436.0
2016-12-14,29.68,29.9,30.05,29.48,7856375.0,234671893.0
2016-12-15,29.84,29.77,30.17,29.6,6937680.0,207338703.0
2016-12-16,29.75,29.73,29.93,29.58,5107310.0,151828203.0
2016-12-19,29.79,29.91,29.94,29.63,5188071.0,154793575.0
2016-12-20,29.73,29.66,29.92,29.44,5275753.0,156243739.0
2016-12-21,29.66,29.72,29.77,29.6,9442677.0,280247806.0
2016-12-22,29.72,29.85,29.99,29.59,5108325.0,152282312.0
2016-12-23,29.9,29.87,30.08,29.78,4636426.0,138579194.0
2016-12-26,29.87,29.58,30.12,29.39,8168090.0,242296048.0
2016-12-27,29.62,29.68,29.76,29.39,5281568.0,156385142.0
2016-12-28,29.58,29.47,29.73,29.45,3729084.0,110059932.0
2016-12-29,29.4,29.03,29.43,28.69,8574714.0,248064187.0
2016-12-30,29.01,29.75,30.03,29.01,13722481.0,407619920.0
2017-01-03,29.72,29.77,29.86,29.09,9838621.0,289520752.0
2017-01-04,29.66,29.94,30.11,29.55,9990669.0,297572105.0
2017-01-05,29.97,29.72,30.0,29.68,4841044.0,144232344.0
2017-01-06,29.8,29.42,29.8,29.34,5438631.0,160502346.0
2017-01-09,29.42,29.47,29.69,29.36,6514248.0,191980345.0
2017-01-10,29.47,29.29,29.54,29.28,4930227.0,144904018.0
2017-01-11,29.23,29.05,29.36,29.01,3634380.0,105958440.0
2017-01-12,29.06,28.2,29.06,28.0,12830545.0,365474617.0
2017-01-13,28.28,28.32,28.34,28.0,6040212.0,170178297.0
2017-01-16,28.3,28.42,28.53,27.96,9789282.0,277071221.0
2017-01-17,28.42,28.5,28.51,28.25,4880173.0,138729528.0
2017-01-18,28.5,28.58,28.68,28.34,4743149.0,135178846.0
2017-01-19,28.61,28.48,28.61,28.4,3031192.0,86456327.0
2017-01-20,28.37,28.69,28.75,28.34,3038527.0,87004358.0
2017-01-23,28.68,28.81,28.86,28.58,3113504.0,89596395.0
2017-01-24,28.81,28.73,28.87,28.69,2728560.0,78500340.0
2017-01-25,28.76,28.85,28.89,28.66,2924763.0,84274859.0
2017-01-26,28.87,28.83,28.88,28.66,4359382.0,125479544.0
2017-02-03,28.83,28.78,28.91,28.73,3908349.0,112674173.0
2017-02-06,28.76,28.77,28.84,28.69,2591468.0,74523071.0
2017-02-07,28.73,28.62,28.88,28.58,2965392.0,85077320.0
2017-02-08,28.63,28.65,28.69,28.52,5741989.0,164306654.0
2017-02-09,28.65,28.75,28.77,28.61,4718587.0,135421276.0
2017-02-10,28.78,28.87,28.87,28.69,5988571.0,172384490.0
2017-02-13,28.78,29.09,29.15,28.77,9152648.0,265338532.0
2017-02-14,29.11,29.08,29.12,28.89,6622904.0,192018019.0
2017-02-15,29.06,28.77,29.06,28.72,5485686.0,158680147.0
2017-02-16,28.77,28.81,28.84,28.64,4332571.0,124418280.0
2017-02-17,28.8,28.69,28.9,28.58,4481340.0,128911958.0
2017-02-20,28.63,29.13,29.15,28.54,7744475.0,223223584.0
2017-02-21,29.18,29.16,29.34,29.05,6680263.0,194880543.0
2017-02-22,29.16,29.36,29.39,29.05,7055087.0,206213281.0
2017-02-23,29.39,29.31,29.48,29.0,10328246.0,302451473.0
2017-02-24,29.31,29.18,29.35,29.05,5193940.0,151426503.0
2017-02-27,29.13,28.97,29.15,28.91,4434807.0,128667572.0
2017-02-28,28.99,28.95,29.15,28.81,4885439.0,141393045.0
2017-03-01,28.95,29.0,29.07,28.89,4247849.0,123160948.0
2017-03-02,29.03,28.97,29.09,28.87,3753509.0,108694581.0
2017-03-03,28.98,28.98,29.04,28.75,3047321.0,88037694.0
2017-03-06,28.99,29.1,29.16,28.88,4057933.0,117855656.0
2017-03-07,29.1,29.23,29.23,28.99,5803193.0,168817625.0
2017-03-08,29.24,29.41,29.45,29.16,6297606.0,184799416.0
2017-03-09,29.4,29.1,29.4,28.97,3396900.0,98932103.0
2017-03-10,29.11,29.53,29.84,29.08,9230640.0,272256843.0
2017-03-13,29.53,29.97,30.08,29.36,10399119.0,310544171.0
2017-03-14,29.97,29.85,30.14,29.67,5844853.0,174601965.0
2017-03-15,29.79,29.91,29.95,29.67,5175458.0,154418965.0
2017-03-16,29.92,29.88,30.07,29.75,4793753.0,143092396.0
2017-03-17,29.82,29.42,29.86,29.31,7800374.0,230627552.0
2017-03-20,29.39,29.97,30.0,29.34,8053571.0,239316436.0
2017-03-21,29.96,30.68,30.98,29.86,16671883.0,509270635.0
2017-03-22,30.57,31.33,31.69,30.35,19630733.0,614000065.0
2017-03-23,31.28,31.1,31.44,30.71,11964593.0,372282364.0
2017-03-24,31.0,30.99,31.28,30.9,8004041.0,248528595.0
2017-03-27,31.09,30.76,31.17,30.51,7952448.0,244414477.0
2017-03-28,30.33,30.13,30.48,29.91,10911065.0,328340564.0
2017-03-29,30.13,30.01,30.24,29.95,6013920.0,181018713.0
2017-03-30,29.86,29.69,29.99,29.35,9130483.0,270004069.0
2017-03-31,29.62,29.96,30.1,29.5,6174215.0,184068802.0
2017-04-05,30.23,30.01,30.46,29.92,11873489.0,358090860.0
2017-04-06,30.01,30.14,30.14,29.71,6352116.0,189941749.0
2017-04-07,30.05,29.95,30.14,29.92,5318358.0,159606936.0
2017-04-10,29.87,29.48,29.88,29.35,7816991.0,230611752.0
2017-04-11,29.48,29.41,29.63,29.09,10358783.0,303523523.0
2017-04-12,29.36,29.6,29.74,29.12,5845102.0,172159889.0
2017-04-13,29.58,29.69,29.78,29.48,3928341.0,116547663.0
2017-04-14,29.51,29.5,29.66,29.4,3785632.0,111726364.0
2017-04-17,29.39,29.84,29.84,29.24,5403073.0,160177968.0
2017-04-18,29.86,30.13,30.31,29.77,9716470.0,292236233.0
2017-04-19,29.95,30.3,30.52,29.55,10784872.0,325355150.0
2017-04-20,30.19,30.98,31.46,30.17,19214062.0,594716329.0
2017-04-21,30.9,30.85,30.96,30.39,9328957.0,286250137.0
2017-04-24,30.68,30.43,30.68,29.39,7894328.0,236911784.0
2017-04-25,30.17,29.85,30.43,29.77,6702753.0,201701539.0
2017-04-26,29.77,30.06,30.64,29.77,9651116.0,292061717.0
2017-04-27,29.81,29.62,29.82,29.08,13111295.0,385591065.0
2017-04-28,29.57,29.42,29.62,29.2,7290096.0,214131571.0
2017-05-02,29.45,29.38,29.47,29.13,4593554.0,134343875.0
2017-05-03,29.38,29.33,29.53,29.13,5009197.0,146686210.0
2017-05-04,29.24,29.39,29.46,29.13,4595917.0,134676993.0
2017-05-05,29.23,29.45,29.48,28.51,8979274.0,261090323.0
2017-05-08,29.18,29.55,29.56,28.98,7566039.0,221779588.0
2017-05-09,29.39,29.21,29.46,29.08,3450830.0,100865791.0
2017-05-10,29.23,29.21,29.37,29.06,5035765.0,147002930.0
2017-05-11,29.08,29.31,29.37,28.7,7026438.0,204292675.0
2017-05-12,29.32,29.35,29.5,29.16,4316518.0,126642779.0
2017-05-15,29.26,29.87,29.89,29.25,7626666.0,226429142.0
2017-05-16,29.89,29.95,29.99,29.59,8684558.0,259071464.0
2017-05-17,29.95,29.51,29.97,29.46,6044816.0,179641229.0
2017-05-18,29.34,29.69,29.7,29.2,4368753.0,128869329.0
2017-05-19,29.76,30.04,30.21,29.59,7347356.0,220301433.0
2017-05-22,30.04,30.28,30.55,29.72,7269325.0,219356669.0
2017-05-23,30.19,30.76,30.87,29.81,11244141.0,342998297.0
2017-05-24,30.52,30.4,30.62,29.86,10667376.0,321704121.0
2017-05-25,30.19,30.49,30.6,30.11,7146266.0,216987386.0
2017-05-26,30.48,30.37,30.56,30.16,5270893.0,159811427.0
2017-05-31,30.43,30.61,30.68,30.11,7456505.0,226535142.0
2017-06-01,30.52,30.88,31.02,30.3,10431959.0,320477658.0
2017-06-02,30.76,30.71,30.95,30.52,5333225.0,164041032.0
2017-06-05,30.71,30.07,30.72,30.03,6855431.0,207296356.0
2017-06-06,30.09,30.43,30.48,30.09,4380569.0,132867921.0
2017-06-07,30.47,30.56,30.59,30.28,6635250.0,202147953.0
2017-06-08,30.56,31.44,31.53,30.41,13949153.0,433416266.0
2017-06-09,31.28,31.4,32.07,31.17,13818892.0,437769320.0
2017-06-12,31.38,32.11,32.38,31.22,16521397.0,528856407.0
2017-06-13,31.87,31.97,32.13,31.81,6774455.0,216529910.0
2017-06-14,31.52,31.23,31.69,31.09,10100033.0,316166123.0
2017-06-15,31.11,31.43,31.45,31.0,7145106.0,223352516.0
2017-06-16,31.43,31.06,31.43,31.0,5401408.0,168265231.0
2017-06-19,31.09,31.17,31.26,31.0,6035813.0,188049609.0
2017-06-20,31.12,31.04,31.36,30.94,6568148.0,204675241.0
2017-06-21,31.25,32.66,32.69,31.05,16018091.0,510760721.0
2017-06-22,32.47,32.02,33.06,31.82,16000283.0,520628670.0
2017-06-23,31.93,33.32,33.37,31.93,15670674.0,512245642.0
2017-06-26,33.18,33.36,34.22,33.0,18820399.0,634089739.0
2017-06-27,33.38,33.61,33.84,33.11,10041560.0,335596464.0
2017-06-28,33.42,32.99,33.42,32.85,8499921.0,281092875.0
2017-06-29,32.95,32.99,33.27,32.75,7856234.0,259162148.0
2017-06-30,32.95,33.14,33.3,32.74,10475456.0,346256724.0
2017-07-03,33.07,32.73,33.18,32.52,8614865.0,282778950.0
2017-07-04,32.66,32.37,32.66,32.21,8721332.0,282166748.0
2017-07-05,32.36,32.84,32.86,32.28,9415912.0,307068948.0
2017-07-06,32.85,32.41,32.87,31.98,9300818.0,301356413.0
2017-07-07,32.23,32.08,32.23,31.83,6914817.0,221418893.0
2017-07-10,32.12,31.69,32.13,31.39,8080366.0,255837268.0
2017-07-11,31.71,31.91,32.19,31.62,8059644.0,257058485.0
2017-07-12,31.85,31.85,31.95,31.38,6010645.0,190290921.0
2017-07-13,31.87,31.92,32.31,31.76,8264899.0,265140173.0
2017-07-14,31.92,32.24,32.25,31.57,6073757.0,193947347.0
2017-07-17,32.26,31.1,32.29,31.0,9394576.0,296107084.0
2017-07-18,31.06,30.88,31.27,30.63,6467955.0,199946606.0
2017-07-19,30.78,31.12,31.16,30.44,8321175.0,256845504.0
2017-07-20,31.09,31.28,31.32,30.95,5466221.0,170396038.0
2017-07-21,31.28,31.25,31.45,31.1,4719157.0,147663200.0
2017-07-24,31.21,31.34,31.45,31.05,4914475.0,153851482.0
2017-07-25,31.36,31.54,31.78,31.3,5680458.0,179431235.0
2017-07-26,31.53,30.88,31.55,30.69,6687817.0,207592915.0
2017-07-27,30.72,30.93,31.08,30.42,4552245.0,139955977.0
2017-07-28,30.9,31.07,31.31,30.74,4397700.0,136672682.0
2017-07-31,31.07,31.16,31.22,30.87,3827061.0,118904585.0
2017-08-01,31.16,31.36,31.36,31.05,4302471.0,134347444.0
2017-08-02,31.28,30.69,31.34,30.62,6451495.0,199169611.0
2017-08-03,30.48,30.62,30.87,30.48,3921591.0,120246575.0
2017-08-04,30.62,30.52,30.76,30.51,3872858.0,118528619.0
2017-08-07,30.51,30.46,30.67,30.42,7004350.0,213773354.0
2017-08-08,30.49,30.31,30.53,30.04,6407367.0,193532019.0
2017-08-09,30.19,30.62,30.76,30.18,5716726.0,174633314.0
2017-08-10,30.6,30.7,30.9,30.49,5599131.0,171872990.0
2017-08-11,30.62,30.55,30.75,30.45,4450387.0,136169572.0
2017-08-14,30.49,30.93,31.05,30.49,5738909.0,177214249.0
2017-08-15,30.98,30.9,31.11,30.76,4148824.0,128293774.0
2017-08-16,30.94,30.87,31.05,30.7,3522883.0,108801845.0
2017-08-17,31.02,31.28,31.31,30.85,5337264.0,166341832.0
2017-08-18,31.27,31.09,31.27,31.05,3363748.0,104760621.0
2017-08-21,31.17,31.24,31.42,31.05,4353017.0,135816394.0
2017-08-22,31.14,31.17,31.28,31.08,2800129.0,87254359.0
2017-08-23,31.04,30.7,31.13,30.66,4255353.0,131146156.0
2017-08-24,30.71,30.43,30.78,30.35,4588296.0,140136285.0
2017-08-25,30.43,30.7,30.72,30.43,3071068.0,93966529.0
2017-08-28,30.61,30.8,30.9,30.56,5358835.0,164716648.0
2017-08-29,30.89,30.86,31.08,30.81,4422212.0,136754544.0
2017-08-30,30.81,30.79,30.98,30.71,4377577.0,134866635.0
2017-08-31,30.79,30.82,30.9,30.46,4250152.0,130462378.0
2017-09-01,30.64,30.61,30.8,30.51,3817254.0,116906365.0
2017-09-04,30.61,30.55,30.69,30.34,6547662.0,199435183.0
2017-09-05,30.44,30.59,30.67,30.44,3952776.0,120815915.0
2017-09-06,30.46,30.67,30.73,30.37,4572319.0,140007555.0
2017-09-07,30.68,30.52,30.7,30.51,3069156.0,93909221.0
2017-09-08,30.48,30.48,30.66,30.38,3127429.0,95349602.0
2017-09-11,30.44,30.31,30.46,30.24,5176115.0,156900953.0
2017-09-12,30.31,29.93,30.37,29.81,8244951.0,247581724.0
2017-09-13,29.89,29.97,30.05,29.86,3652612.0,109450680.0
2017-09-14,29.97,30.24,30.26,29.97,4074536.0,122895317.0
2017-09-15,30.32,30.18,30.36,29.96,3744852.0,112645252.0
2017-09-18,30.19,30.27,30.35,29.99,3048702.0,92220785.0
2017-09-19,30.28,30.04,30.28,29.94,3811010.0,114600730.0
2017-09-20,30.01,30.11,30.14,29.94,2471877.0,74325919.0
2017-09-21,30.13,29.92,30.13,29.9,3243905.0,97189764.0
2017-09-22,29.91,29.91,29.99,29.81,2411469.0,72026579.0
2017-09-25,29.91,30.59,30.86,29.91,12564377.0,383813058.0
2017-09-26,30.66,30.42,30.71,30.37,5164862.0,157538596.0
2017-09-27,30.44,30.44,30.64,30.42,3614311.0,110142224.0
2017-09-28,30.47,30.64,30.68,30.39,5485696.0,167948115.0
2017-09-29,30.76,30.95,31.19,30.65,8553814.0,264714166.0
2017-10-09,31.11,30.97,31.21,30.87,8361634.0,259650669.0
2017-10-10,30.99,31.39,31.5,30.99,8823159.0,276137867.0
2017-10-11,31.4,31.26,31.75,31.2,10384030.0,327167203.0
2017-10-12,31.29,31.03,31.37,30.86,6539402.0,202907504.0
2017-10-13,31.03,31.11,31.22,30.94,4943179.0,153735957.0
2017-10-16,31.11,31.39,31.68,30.96,8646345.0,271399039.0
2017-10-17,31.3,31.42,31.61,31.09,6440980.0,202351618.0
2017-10-18,31.32,32.15,32.28,31.32,13889980.0,444194959.0
2017-10-19,32.14,32.05,32.58,31.88,13000109.0,418547838.0
2017-10-20,31.99,31.85,32.09,31.53,7556274.0,240008766.0
2017-10-23,31.84,32.43,32.62,31.81,12117081.0,392499282.0
2017-10-24,32.35,32.6,32.72,32.25,10061621.0,326867729.0
2017-10-25,32.39,32.54,32.7,32.29,6322662.0,205384868.0
2017-10-26,32.51,32.04,33.01,32.0,9560669.0,310077411.0
2017-10-27,32.05,32.65,32.76,31.93,8676913.0,280232997.0
2017-10-30,32.74,32.83,33.22,31.62,13316287.0,433323279.0
2017-10-31,32.49,32.15,32.73,31.99,7847365.0,252569215.0
2017-11-01,32.15,31.82,32.36,31.64,8494365.0,271437327.0
2017-11-02,31.82,31.59,31.88,31.24,6062374.0,190748497.0
2017-11-03,31.66,31.67,31.98,31.43,7128525.0,226055016.0
2017-11-06,31.7,33.19,33.21,31.37,19516658.0,636955664.0
2017-11-07,33.14,33.05,33.42,32.66,13925974.0,460862075.0
2017-11-08,33.03,33.05,33.25,32.78,9521172.0,313879565.0
2017-11-09,33.04,32.58,33.05,32.28,11154467.0,363053133.0
2017-11-10,32.48,32.71,32.9,32.18,13351276.0,434202077.0
2017-11-13,32.6,33.04,33.49,32.55,14567889.0,482145539.0
2017-11-14,33.04,32.21,33.13,32.04,11947510.0,388955473.0
2017-11-15,32.04,32.19,32.34,31.78,9384479.0,300595913.0
2017-11-16,32.02,32.66,32.8,32.02,8138412.0,264191796.0
2017-11-17,32.76,32.87,32.93,32.03,13469008.0,438929669.0
2017-11-20,32.45,33.11,33.14,31.8,9913213.0,322345340.0
2017-11-21,33.04,33.89,34.21,32.87,20867735.0,704616154.0
2017-11-22,33.99,33.68,34.14,33.24,14093039.0,474095880.0
2017-11-23,33.43,32.23,33.76,32.09,14898869.0,488496705.0
2017-11-24,32.0,31.76,32.0,31.47,10858557.0,344186148.0
2017-11-27,31.64,31.82,31.86,31.13,6139315.0,193976405.0
2017-11-28,31.66,31.87,31.93,31.43,3895680.0,123535180.0
2017-11-29,31.78,30.92,31.83,30.71,8501016.0,264382668.0
2017-11-30,30.56,30.83,31.2,30.56,5372266.0,165263404.0
2017-12-01,30.85,30.93,31.16,30.67,4337972.0,134448707.0
2017-12-04,30.93,30.98,31.19,30.65,4052869.0,125387469.0
2017-12-05,30.98,31.62,31.88,30.85,10624134.0,334113217.0
2017-12-06,31.62,31.63,31.75,31.38,3644407.0,114930090.0
2017-12-07,31.61,31.33,31.61,30.9,3746066.0,116926511.0
2017-12-08,31.29,31.25,31.44,31.08,3172006.0,99130327.0
2017-12-11,31.14,31.54,31.67,31.06,4385713.0,137973838.0
2017-12-12,31.4,30.97,31.56,30.92,4421974.0,137801021.0
2017-12-13,30.83,31.11,31.2,30.83,2809942.0,87302080.0
2017-12-14,31.11,30.83,31.17,30.67,3486209.0,107470899.0
2017-12-15,30.83,30.72,30.84,30.52,3938236.0,120739803.0
2017-12-18,30.69,30.67,30.88,30.34,3983097.0,121743961.0
2017-12-19,30.65,30.87,30.89,30.59,3539770.0,108866900.0
2017-12-20,30.81,30.98,31.06,30.65,4003537.0,123604233.0
2017-12-21,31.03,31.16,31.19,30.75,4343518.0,134715129.0
2017-12-22,31.13,30.76,31.16,30.66,3990504.0,123417628.0
2017-12-25,30.76,30.82,30.83,30.37,5584715.0,170706243.0
2017-12-26,30.85,30.88,30.93,30.44,4052508.0,124547973.0
2017-12-27,30.94,30.55,30.94,30.48,3312799.0,101551253.0
2017-12-28,30.43,30.48,30.68,30.39,4078114.0,124490760.0
2017-12-29,30.48,30.79,30.82,30.46,4685320.0,143776452.0
2018-01-02,30.8,31.01,31.07,30.66,5274754.0,162932410.0
2018-01-03,31.01,31.13,31.31,30.89,5295442.0,164992781.0
2018-01-04,31.13,31.06,31.38,30.95,4957728.0,154385188.0
2018-01-05,31.04,31.64,31.75,30.92,9396703.0,295223055.0
2018-01-08,31.51,31.93,32.47,31.4,8695728.0,277619646.0
2018-01-09,31.91,31.97,32.27,31.69,6315565.0,201972254.0
2018-01-10,31.87,31.8,32.14,31.51,5808133.0,184941550.0
2018-01-11,31.61,31.96,32.04,31.51,5070357.0,161789204.0
2018-01-12,31.91,31.69,31.94,31.49,5209119.0,164872754.0
2018-01-15,31.6,31.02,31.71,30.91,7289081.0,228112327.0
2018-01-16,31.04,31.99,32.02,30.94,10693147.0,337905072.0
2018-01-17,32.09,32.33,32.69,31.9,13019760.0,420996135.0
2018-01-18,32.17,32.58,32.72,32.09,9359058.0,303902177.0
2018-01-19,32.52,32.38,32.78,32.26,7018818.0,227880290.0
2018-01-22,32.34,32.98,33.04,32.23,10746509.0,351894404.0
2018-01-23,32.73,33.12,33.6,32.72,16663556.0,554222647.0
2018-01-24,33.14,33.09,33.31,32.78,8395656.0,277582987.0
2018-01-25,33.09,32.66,33.35,32.62,7119306.0,235309184.0
2018-01-26,32.71,33.49,33.75,32.48,9844736.0,326610571.0
2018-01-29,33.34,32.38,33.38,32.28,11048388.0,361563062.0
2018-01-30,32.38,32.38,32.56,31.88,4821308.0,155608670.0
2018-01-31,32.29,32.37,32.63,32.04,5598132.0,180970517.0
2018-02-01,32.28,32.12,32.35,31.37,10094714.0,320536971.0
2018-02-02,31.76,32.04,32.24,31.75,4120842.0,131802087.0
2018-02-05,31.8,31.28,31.82,31.02,7006884.0,219372408.0
2018-02-06,30.8,31.28,31.29,30.42,9063996.0,280151500.0
2018-02-07,31.18,31.09,31.4,30.57,5831299.0,180767536.0
2018-02-08,31.04,31.2,31.3,30.76,3487411.0,108571834.0
2018-02-09,30.89,30.5,30.89,29.6,8424711.0,253236740.0
2018-02-12,30.46,30.54,30.81,30.18,3378287.0,103344596.0
2018-02-13,30.53,30.66,30.99,30.51,2952575.0,90893104.0
2018-02-14,30.66,30.55,30.73,30.18,2051984.0,62629749.0
2018-02-22,30.75,31.25,31.39,30.61,3679584.0,114228597.0
2018-02-23,31.24,31.3,31.58,31.05,3003388.0,94075280.0
2018-02-26,31.25,31.41,31.54,30.87,6094144.0,190344130.0
2018-02-27,31.41,31.32,31.41,31.1,2887253.0,90200357.0
2018-02-28,31.13,30.94,31.13,30.78,3024368.0,93676879.0
2018-03-01,30.87,30.9,31.03,30.61,3969570.0,122344380.0
2018-03-02,30.7,30.6,30.85,30.53,4312839.0,132168969.0
2018-03-05,30.56,30.7,30.75,30.42,4134552.0,126412415.0
2018-03-06,30.73,31.2,31.21,30.6,6294653.0,194304477.0
2018-03-07,31.08,31.2,31.42,30.96,4744731.0,148064921.0
2018-03-08,31.29,32.09,32.36,31.04,9759117.0,311145074.0
2018-03-09,32.16,32.13,32.45,31.94,6759334.0,217402074.0
2018-03-12,32.14,32.14,32.42,31.94,5433245.0,174794760.0
2018-03-13,32.07,31.81,32.34,31.64,5029785.0,161011010.0
2018-03-14,31.68,31.41,31.87,31.27,6108133.0,192318599.0
2018-03-15,31.28,31.6,31.76,31.28,3580150.0,112876986.0
2018-03-16,31.6,31.99,32.34,31.42,6924344.0,221395595.0
2018-03-19,31.88,32.57,32.66,31.71,8283294.0,267715687.0
2018-03-20,32.32,32.77,33.0,32.23,11609886.0,380038121.0
2018-03-21,32.77,32.42,32.78,32.18,7227345.0,234490051.0
2018-03-22,32.28,32.31,32.56,31.86,5104355.0,164237449.0
2018-03-23,31.76,31.89,31.9,30.99,11037178.0,348811532.0
2018-03-26,31.44,32.5,32.55,31.19,8603841.0,275458189.0
2018-03-27,32.57,32.68,33.02,32.43,11257184.0,368359251.0
2018-03-28,32.72,32.27,33.21,31.99,9102491.0,296990517.0
2018-03-29,32.09,32.16,32.28,31.56,7546895.0,241091610.0
2018-03-30,32.0,33.1,33.14,31.99,8497782.0,278550518.0
2018-04-02,33.13,32.56,33.16,32.51,9026979.0,296882302.0
2018-04-03,32.37,33.98,34.33,32.22,22243686.0,748143762.0
2018-04-04,33.9,35.73,36.43,33.82,28065927.0,998639417.0
2018-04-09,35.53,35.49,36.1,35.15,14762359.0,524232631.0
2018-04-10,35.63,35.68,35.75,34.77,13364751.0,471883485.0
2018-04-11,35.53,35.81,36.54,35.33,13723525.0,492818765.0
2018-04-12,35.52,35.84,36.0,34.94,9541064.0,338268963.0
2018-04-13,35.81,35.08,35.81,35.01,7973838.0,281640861.0
2018-04-16,35.19,35.44,35.52,34.86,8578650.0,302577826.0
2018-04-17,35.25,35.32,36.53,35.1,13607880.0,487558969.0
2018-04-18,35.32,33.84,35.44,32.96,20775703.0,702530165.0
2018-04-19,33.62,33.48,33.73,32.9,10898857.0,363633106.0
2018-04-20,33.32,33.48,33.89,33.13,9777608.0,328142235.0
2018-04-23,33.2,31.9,33.23,31.76,14440688.0,466413599.0
2018-04-24,31.91,32.18,32.41,31.91,10580844.0,340570568.0
2018-04-25,32.04,32.78,33.12,31.91,12481836.0,408245175.0
2018-04-26,32.66,32.78,33.07,32.47,7418366.0,243403398.0
2018-04-27,32.81,33.87,34.33,32.55,13464155.0,451686641.0
2018-05-02,33.63,33.72,33.87,33.15,8928495.0,299454888.0
2018-05-03,33.69,33.79,34.09,33.2,7217386.0,243364143.0
2018-05-04,33.6,34.51,34.69,33.49,11036718.0,378853685.0
2018-05-07,34.51,35.49,35.67,34.39,12839451.0,452531900.0
2018-05-08,35.54,36.48,38.14,35.54,22086583.0,813565259.0
2018-05-09,36.77,36.7,37.19,36.12,10215791.0,373955430.0
2018-05-10,36.94,37.08,37.14,36.19,10071970.0,369552594.0
2018-05-11,37.44,36.59,37.67,35.75,15081812.0,552684797.0
2018-05-14,36.36,36.21,36.37,35.53,9391641.0,338185705.0
2018-05-15,36.34,38.88,39.04,36.31,19493939.0,735551141.0
2018-05-16,38.7,38.94,40.21,38.29,21982761.0,863691930.0
2018-05-17,39.29,38.11,39.43,37.99,10160085.0,391020157.0
2018-05-18,38.15,38.98,39.35,37.24,15108389.0,577241619.0
2018-05-21,38.96,38.59,39.34,38.22,10482637.0,404762566.0
2018-05-22,38.58,38.96,39.14,38.37,8670166.0,336599910.0
2018-05-23,38.77,38.51,39.87,38.24,15068864.0,592058923.0
2018-05-24,38.39,38.12,38.63,37.9,10317180.0,393483963.0
2018-05-25,38.22,39.26,39.84,38.22,13651993.0,535383033.0
2018-05-28,39.15,40.56,41.81,38.11,20094089.0,802848648.0
2018-05-29,40.3,38.2,41.25,37.77,22079153.0,879684870.0
2018-05-30,37.53,37.51,38.76,36.29,17054732.0,642520618.0
2018-05-31,37.82,38.7,39.34,37.74,12734596.0,489329018.0
2018-06-01,38.32,36.97,38.44,35.81,19058248.0,704779120.0
2018-06-04,37.13,36.68,37.17,36.01,12295626.0,449608334.0
2018-06-05,36.76,37.69,37.87,36.74,11908231.0,446724527.0
2018-06-06,37.63,37.58,38.01,37.24,9363397.0,351724004.0
2018-06-07,37.53,36.58,37.66,36.43,10748605.0,395921186.0
2018-06-08,36.45,36.69,36.93,36.18,7016483.0,256011540.0
2018-06-11,36.38,35.73,36.65,35.45,10401180.0,373733793.0
2018-06-12,35.81,36.6,36.75,35.43,10796375.0,390966416.0
2018-06-13,36.6,36.48,37.2,36.34,8157871.0,299349174.0
2018-06-14,36.37,35.95,36.64,35.6,8612292.0,310128054.0
2018-06-15,36.04,35.04,36.07,34.48,10062614.0,353185874.0
2018-06-19,34.52,35.15,35.43,33.92,14297226.0,499311372.0
2018-06-20,34.68,35.65,35.67,34.39,8389079.0,295254362.0
2018-06-21,35.67,35.53,36.6,35.34,10175233.0,366317654.0
2018-06-22,34.86,35.64,35.79,34.86,6075814.0,215592519.0
2018-06-25,35.85,35.49,35.96,35.43,5197081.0,185599001.0
2018-06-26,35.15,34.97,35.6,34.67,5365967.0,188141094.0
2018-06-27,34.86,33.63,35.22,33.41,10300438.0,350283871.0
2018-06-28,33.62,32.9,33.65,32.75,7999438.0,265010100.0
2018-06-29,32.95,33.69,33.83,32.71,7881080.0,263595462.0
2018-07-02,33.62,33.53,34.52,33.04,8399887.0,284179867.0
2018-07-03,33.38,32.91,33.79,31.52,13412917.0,433796868.0
2018-07-04,32.69,32.34,32.82,31.99,5184911.0,168655617.0
2018-07-05,32.42,32.4,32.76,31.69,7324553.0,235790920.0
2018-07-06,32.28,32.42,32.95,31.73,6935578.0,224615581.0
2018-07-09,32.55,33.55,33.63,32.47,10798985.0,358128458.0
2018-07-10,33.52,33.62,33.73,33.27,6785612.0,227137344.0
2018-07-11,33.19,33.25,33.75,32.67,6756957.0,224288796.0
2018-07-12,33.37,33.97,34.34,33.15,11435234.0,387736892.0
2018-07-13,33.98,34.65,34.84,33.81,10435910.0,360054897.0
2018-07-16,34.49,34.71,34.81,34.19,5345442.0,184099869.0
2018-07-17,34.57,34.14,34.65,33.81,5681918.0,193800658.0
2018-07-18,34.11,34.15,34.55,33.98,3826814.0,131113825.0
2018-07-19,34.17,33.85,34.23,33.49,5184170.0,175308792.0
2018-07-20,33.84,34.42,34.43,33.48,4722034.0,160885525.0
2018-07-23,33.57,33.43,33.74,32.47,10241548.0,340041710.0
2018-07-24,33.33,33.2,33.71,33.03,11151580.0,372094400.0
2018-07-25,33.28,33.42,33.6,33.0,6440225.0,214949290.0
2018-07-26,33.28,33.23,33.57,33.2,4681056.0,156289841.0
2018-07-27,33.19,32.92,33.23,32.67,3295409.0,108637500.0
2018-07-30,32.76,32.16,32.91,31.99,5859966.0,189569624.0
2018-07-31,32.26,32.28,32.61,32.14,3998686.0,129273135.0
2018-08-01,32.34,32.15,32.57,32.11,3594485.0,116251547.0
2018-08-02,31.99,31.5,32.04,30.99,7335063.0,231150684.0
2018-08-03,31.42,30.34,31.47,30.32,7051042.0,217265262.0
2018-08-06,30.37,30.03,30.64,29.41,6802976.0,205346443.0
2018-08-07,30.16,30.72,30.72,29.59,6265472.0,189470786.0
2018-08-08,30.8,29.53,30.8,29.5,4751097.0,142828814.0
2018-08-09,29.45,30.17,30.39,29.24,4912249.0,147749870.0
2018-08-10,30.2,30.82,30.95,30.18,4963897.0,152503649.0
2018-08-13,30.65,30.98,31.02,30.2,4334845.0,132755788.0
2018-08-14,30.98,30.77,30.98,30.47,3468060.0,106670950.0
2018-08-15,30.82,29.93,30.99,29.72,4901614.0,147717287.0
2018-08-16,29.6,29.95,30.11,28.98,3827567.0,113984363.0
2018-08-17,30.13,29.14,30.32,29.11,4591362.0,135597961.0
2018-08-20,29.07,28.44,29.35,27.5,9899649.0,278885100.0
2018-08-21,28.2,29.13,29.19,28.15,5902715.0,169578736.0
2018-08-22,29.05,29.18,29.45,28.86,4041179.0,117931649.0
2018-08-23,29.22,29.35,29.73,29.21,3833961.0,113098141.0
2018-08-24,29.38,30.06,30.37,29.36,6043621.0,181139796.0
2018-08-27,30.08,30.78,30.98,30.08,5089329.0,156213454.0
2018-08-28,30.8,30.88,31.28,30.8,5375167.0,166870040.0
2018-08-29,31.15,30.86,31.15,30.41,3903319.0,120185186.0
2018-08-30,30.68,30.19,30.94,30.03,3444745.0,104981221.0
2018-08-31,30.41,30.78,31.07,29.85,4499626.0,137510744.0
2018-09-03,30.65,30.53,31.04,30.04,5230214.0,159755614.0
2018-09-04,30.45,30.13,30.55,29.84,3857957.0,116562454.0
2018-09-05,30.1,30.36,30.56,29.95,3588190.0,108818003.0
2018-09-06,30.19,29.18,30.31,28.78,6464281.0,189799958.0
2018-09-07,29.19,29.26,29.62,29.08,4369409.0,128191167.0
2018-09-10,29.26,29.04,29.47,28.96,3231888.0,94199586.0
2018-09-11,29.03,28.87,29.22,28.6,3433984.0,99398101.0
2018-09-12,28.9,28.78,29.02,28.61,2182494.0,62875866.0
2018-09-13,28.87,28.28,29.09,27.7,5963821.0,168752013.0
2018-09-14,28.29,28.32,28.54,27.84,4401818.0,124281313.0
2018-09-17,28.27,28.31,28.85,27.88,4059296.0,115043332.0
2018-09-18,28.17,28.9,29.06,28.08,3419371.0,97987211.0
2018-09-19,28.87,29.32,29.51,28.73,4225915.0,123548590.0
2018-09-20,29.32,29.16,29.55,29.07,2378475.0,69629601.0
2018-09-21,29.26,29.74,29.8,28.97,3798624.0,111850994.0
2018-09-25,29.55,29.48,29.77,29.36,2436903.0,72036276.0
2018-09-26,29.62,30.21,30.64,29.51,6615857.0,200236968.0
2018-09-27,30.23,30.32,30.65,30.08,3433661.0,103995849.0
2018-09-28,30.23,30.56,30.61,30.12,3113055.0,94633381.0
2018-10-08,30.07,29.11,30.07,28.97,3916345.0,115244631.0
2018-10-09,28.9,29.5,29.79,28.9,3461252.0,102050693.0
2018-10-10,29.75,29.64,30.03,29.36,2344559.0,69618036.0
2018-10-11,28.87,28.0,29.17,27.86,5856246.0,166547629.0
2018-10-12,27.91,28.52,28.66,27.74,4053655.0,114130958.0
2018-10-15,28.59,28.28,29.24,28.08,5804614.0,166746802.0
2018-10-16,28.28,27.08,28.75,26.28,6685401.0,184104351.0
2018-10-17,27.3,27.24,27.56,26.41,4595708.0,124198612.0
2018-10-18,26.97,26.85,27.49,26.56,3778118.0,102183676.0
2018-10-19,26.85,27.67,27.74,26.47,4329808.0,117739826.0
2018-10-22,28.08,29.07,29.43,27.91,7174013.0,206123477.0
2018-10-23,29.07,28.58,29.21,28.31,5558104.0,159999870.0
2018-10-24,28.34,28.24,28.74,28.08,3218137.0,91130693.0
2018-10-25,27.79,28.55,28.57,27.24,4058586.0,113401497.0
2018-10-26,28.55,28.37,28.75,28.28,2572291.0,73244293.0
2018-10-29,28.13,26.93,28.24,26.47,7201747.0,195393886.0
2018-10-30,26.61,27.1,27.39,26.45,3457361.0,93571491.0
2018-10-31,27.1,27.36,27.7,27.09,3767271.0,103156347.0
2018-11-01,27.44,27.3,27.81,27.26,5062225.0,139465279.0
2018-11-02,27.62,28.53,28.6,27.62,7002362.0,196585769.0
2018-11-05,28.47,28.33,28.7,28.11,3491974.0,99159341.0
2018-11-06,28.28,28.56,28.63,27.82,4498128.0,126513852.0
2018-11-07,28.49,28.48,28.73,28.15,4192916.0,119307316.0
2018-11-08,28.6,28.41,28.69,28.34,2831988.0,80703873.0
2018-11-09,28.39,28.23,28.48,28.2,1770663.0,50133849.0
2018-11-12,28.21,28.45,28.55,28.08,2898513.0,82152559.0
2018-11-13,28.21,28.61,28.78,28.03,3368792.0,96050796.0
2018-11-14,28.6,28.68,28.99,28.5,3023194.0,87011417.0
2018-11-15,28.66,28.95,29.11,28.49,3543545.0,101983522.0
2018-11-16,28.95,29.06,29.14,28.77,3632134.0,105307225.0
2018-11-19,29.06,29.47,29.51,28.87,4482152.0,130819192.0
2018-11-20,29.21,28.68,29.32,28.61,3728136.0,107802112.0
2018-11-21,28.4,28.6,28.8,28.34,2333349.0,66656479.0
2018-11-22,28.63,29.04,29.14,28.6,2723590.0,78551074.0
2018-11-23,28.99,28.33,29.09,28.33,2999325.0,85511968.0
2018-11-26,28.2,28.2,28.59,28.05,1790352.0,50717071.0
2018-11-27,28.1,28.24,28.54,28.1,1270289.0,35925689.0
2018-11-28,28.3,28.06,28.38,27.73,2431985.0,68102113.0
2018-11-29,28.2,27.91,28.36,27.86,1991410.0,55990982.0
2018-11-30,27.91,28.0,28.04,27.57,2626841.0,72865391.0
2018-12-03,28.46,28.69,28.82,28.26,6008648.0,171893482.0
2018-12-04,28.5,28.73,28.85,28.5,3452894.0,99150979.0
2018-12-05,28.4,28.69,28.84,28.34,3998159.0,114565489.0
2018-12-06,28.63,27.75,28.81,27.72,5088529.0,143216420.0
2018-12-07,27.75,27.93,28.07,27.45,4027289.0,111917021.0
2018-12-10,27.73,27.72,28.07,27.23,3224455.0,89232352.0
2018-12-11,27.7,28.06,28.24,27.68,3445573.0,96378374.0
2018-12-12,28.1,28.14,28.23,27.93,2341743.0,65924050.0
2018-12-13,28.2,28.91,29.26,28.14,7129648.0,205556157.0
2018-12-14,28.92,28.88,29.31,28.79,5431411.0,157925429.0
2018-12-17,27.63,28.21,28.68,27.24,9840675.0,274928280.0
2018-12-18,27.87,27.9,28.37,27.56,5369499.0,149752268.0
2018-12-19,27.9,26.76,27.9,26.61,8853250.0,238641612.0
2018-12-20,26.68,25.51,26.76,25.04,10443876.0,268955077.0
2018-12-21,25.26,25.82,25.87,25.13,4887126.0,124668709.0
2018-12-24,25.82,26.27,26.32,25.53,3526871.0,91987258.0
2018-12-25,25.89,25.99,26.22,25.29,3813996.0,98154696.0
2018-12-26,25.93,26.18,26.29,25.8,2382729.0,62107208.0
2018-12-27,26.32,26.28,26.47,25.98,3608560.0,94550634.0
2018-12-28,26.16,26.47,26.54,25.98,3715026.0,97531991.0
2019-01-02,26.5,25.65,26.54,25.39,3119147.0,80354328.0
2019-01-03,25.65,25.55,25.84,25.31,1637447.0,41769353.0
2019-01-04,25.48,25.81,25.91,25.1,2020961.0,51803676.0
2019-01-07,25.81,25.64,25.85,25.47,3638673.0,93262112.0
2019-01-08,25.55,25.34,25.55,25.28,3394005.0,86041313.0
2019-01-09,25.35,25.74,26.08,25.28,4823943.0,124284713.0
2019-01-10,25.89,25.73,25.97,25.59,3605487.0,92864914.0
2019-01-11,25.75,25.95,25.99,25.75,2594417.0,67152107.0
2019-01-14,25.79,25.55,25.94,25.44,3889271.0,99546431.0
2019-01-15,25.58,25.68,25.73,25.13,7264366.0,184429246.0
2019-01-16,25.55,25.96,26.1,25.38,5435776.0,140095159.0
2019-01-17,25.94,25.42,25.94,25.41,6801478.0,173922798.0
2019-01-18,25.45,25.61,25.77,25.31,6003689.0,153545503.0
2019-01-21,25.62,26.06,26.34,25.62,7087171.0,184757849.0
2019-01-22,26.13,25.84,26.22,25.71,3504142.0,90448608.0
2019-01-23,25.87,25.9,25.95,25.62,3753688.0,96741019.0
2019-01-24,25.95,25.69,25.95,25.51,5124300.0,131724593.0
2019-01-25,25.74,25.75,25.86,25.66,3077784.0,79331688.0
2019-01-28,25.86,25.61,25.92,25.52,3553300.0,91341293.0
2019-01-29,25.63,25.6,25.7,25.42,2809621.0,71790118.0
2019-01-30,25.58,25.48,25.64,25.42,1991270.0,50849923.0
2019-01-31,25.57,25.39,25.69,25.29,2400748.0,61150049.0
2019-02-01,25.44,25.94,26.01,25.44,4199234.0,108277348.0
2019-02-11,25.99,26.39,26.43,25.86,7094649.0,185981061.0
2019-02-12,26.32,27.09,27.31,26.29,10272443.0,277779869.0
2019-02-13,27.08,27.53,27.89,26.97,11612695.0,320613840.0
2019-02-14,27.42,27.78,27.82,27.31,7565701.0,209196033.0
2019-02-15,27.79,27.68,27.95,27.53,7260089.0,201325766.0
2019-02-18,27.68,28.19,28.32,27.62,5825481.0,163401497.0
2019-02-19,28.25,27.87,28.31,27.62,5898247.0,165169904.0
2019-02-20,27.53,27.25,27.72,26.95,9580914.0,260479145.0
2019-02-21,27.25,27.25,27.64,27.05,9018672.0,246028285.0
2019-02-22,27.19,26.97,27.19,26.64,11287638.0,302733841.0
2019-02-25,27.02,28.45,28.47,27.02,19967283.0,550311875.0
2019-02-26,28.37,28.31,29.64,27.96,17035262.0,490522630.0
2019-02-27,28.27,28.06,28.64,27.89,11535929.0,325819072.0
2019-02-28,27.91,28.14,28.45,27.91,7283760.0,205308565.0
2019-03-01,28.39,28.23,28.48,27.74,7109110.0,199948311.0
2019-03-04,28.28,28.48,28.95,28.27,13742023.0,393615256.0
2019-03-05,28.55,29.48,29.51,28.4,12579915.0,365980366.0
2019-03-06,29.53,29.41,29.72,29.14,9021846.0,265003902.0
2019-03-07,29.36,29.36,29.62,29.06,11079205.0,324712780.0
2019-03-08,28.89,28.87,29.62,28.71,10689240.0,311414470.0
2019-03-11,28.88,29.2,29.35,28.88,7894066.0,229710766.0
2019-03-12,29.36,29.75,30.27,29.33,16155078.0,480949217.0
2019-03-13,29.43,29.04,29.83,28.83,8914533.0,261320185.0
2019-03-14,28.94,29.11,29.4,28.78,6046013.0,175512666.0
2019-03-15,29.12,29.18,29.63,28.87,10271161.0,300397090.0
2019-03-18,29.19,29.85,30.19,29.08,14401256.0,429011853.0
2019-03-19,29.93,29.73,30.08,29.46,9339576.0,277158225.0
2019-03-20,29.67,29.13,29.73,28.83,12324858.0,359822254.0
2019-03-21,29.13,29.33,29.48,28.87,15250213.0,444492012.0
2019-03-22,29.36,28.94,29.48,28.68,12283854.0,356008459.0
2019-03-25,28.57,28.31,28.85,28.19,10864794.0,309739975.0
2019-03-26,28.48,28.4,28.78,28.3,7877957.0,224576480.0
2019-03-27,28.6,28.55,28.68,28.2,8311408.0,236299833.0
2019-03-28,28.43,28.06,28.49,28.06,7896352.0,223096534.0
2019-03-29,28.07,28.81,28.82,27.98,10674322.0,304711052.0
2019-04-01,28.87,29.64,29.65,28.87,15808479.0,463694019.0
2019-04-02,29.74,29.5,29.81,29.42,9390669.0,277531229.0
2019-04-03,29.36,29.71,29.98,29.28,9008024.0,267406560.0
2019-04-04,29.92,29.55,29.92,29.36,9988174.0,295287566.0
2019-04-08,29.74,30.03,30.03,29.36,15401225.0,457720955.0
2019-04-09,30.22,31.44,31.93,30.13,23649071.0,740085013.0
2019-04-10,31.18,31.9,32.8,30.99,24190879.0,776888345.0
2019-04-11,31.86,31.18,32.12,31.17,14457024.0,455837333.0
2019-04-12,31.16,30.61,31.47,30.31,10095457.0,309342251.0
2019-04-15,30.85,30.43,31.34,30.42,11563065.0,356663674.0
2019-04-16,30.41,31.76,31.93,30.23,15013682.0,469464614.0
2019-04-17,31.71,31.56,32.05,31.3,6638093.0,209985472.0
2019-04-18,31.42,31.56,31.92,31.3,4700977.0,148569974.0
2019-04-19,31.57,31.27,31.65,30.82,5556169.0,173258269.0
2019-04-22,31.28,31.39,32.05,30.96,9283296.0,293416142.0
2019-04-23,31.4,30.9,31.55,30.9,5060338.0,157307444.0
2019-04-24,30.95,30.93,31.28,30.58,5723924.0,176334862.0
2019-04-25,30.71,30.4,31.25,30.39,7022338.0,215726299.0
2019-04-26,30.32,29.53,30.39,29.21,9102446.0,270284878.0
2019-04-29,29.53,29.88,30.28,29.45,7991400.0,239188639.0
2019-04-30,29.94,30.0,30.28,29.64,6669376.0,199530179.0
2019-05-06,29.51,28.65,29.51,27.58,9820177.0,279573993.0
2019-05-07,28.65,28.58,29.06,28.1,7410797.0,211799519.0
2019-05-08,28.15,28.39,29.19,28.08,6393839.0,183323579.0
2019-05-09,28.3,28.02,28.35,27.91,4887634.0,137312811.0
2019-05-10,28.1,28.55,28.58,28.02,5035911.0,142930366.0
2019-05-13,28.29,28.4,28.56,28.01,3314875.0,93898498.0
2019-05-14,28.22,28.08,28.48,28.07,3654784.0,103082478.0
2019-05-15,28.2,28.74,28.92,28.2,5280048.0,150651267.0
2019-05-16,28.77,29.21,29.26,28.64,6822494.0,197874874.0
2019-05-17,29.08,28.74,29.3,28.69,4582563.0,132601042.0
2019-05-20,28.74,28.48,28.97,28.23,4219830.0,120116912.0
2019-05-21,28.63,28.75,29.05,28.48,3283070.0,94479047.0
2019-05-22,28.75,28.75,28.96,28.59,3429798.0,98698643.0
2019-05-23,28.75,28.37,28.75,28.33,3037227.0,86306419.0
2019-05-24,28.37,28.39,28.73,28.3,2254080.0,64255909.0
2019-05-27,28.57,28.55,28.65,27.89,4584831.0,129872408.0
2019-05-28,28.57,28.74,28.78,28.39,4668083.0,133553759.0
2019-05-29,28.68,28.48,28.68,28.25,3205509.0,91149378.0
2019-05-30,28.41,28.25,28.43,28.08,3372513.0,95214535.0
2019-05-31,28.26,28.12,28.37,28.07,2727953.0,76957708.0
2019-06-03,28.22,28.24,28.36,28.07,3477046.0,97960624.0
2019-06-04,28.24,27.07,28.29,27.06,6778648.0,186877792.0
2019-06-05,27.05,27.05,27.28,25.94,10965056.0,291402552.0
2019-06-06,26.64,26.97,27.14,26.38,4990840.0,134236469.0
2019-06-10,26.99,26.66,27.22,26.62,4037703.0,108732019.0
2019-06-11,26.66,27.43,27.43,26.65,5541721.0,150158548.0
2019-06-12,27.39,27.41,27.45,27.05,3968087.0,108260200.0
2019-06-13,27.38,27.37,27.56,27.05,2873290.0,78470466.0
2019-06-14,27.4,27.34,27.68,27.31,3130892.0,86109732.0
2019-06-17,27.53,27.59,27.78,27.3,2807472.0,77372990.0
2019-06-18,27.58,27.35,27.66,27.24,2430726.0,66645520.0
2019-06-19,27.68,27.55,27.9,27.49,5127493.0,141690853.0
2019-06-20,27.59,27.86,28.21,27.39,5317745.0,147883602.0
2019-06-21,27.96,27.85,28.0,27.72,4503987.0,125555610.0
2019-06-24,27.89,27.78,27.91,27.67,2534511.0,70405537.0
2019-06-25,27.79,27.44,27.88,27.19,4169972.0,114637203.0
2019-06-26,27.47,27.82,27.84,27.35,3885262.0,107476995.0
2019-06-27,27.82,28.02,28.21,27.82,4702702.0,131704805.0
2019-06-28,28.05,27.91,28.08,27.69,3798202.0,105771417.0
2019-07-01,28.2,28.54,28.64,28.08,6737169.0,190718571.0
2019-07-02,28.55,29.72,29.87,28.41,12517839.0,366826575.0
2019-07-03,29.71,29.76,30.56,29.6,10215592.0,306284251.0
2019-07-04,29.84,29.8,30.06,29.39,7189156.0,213599181.0
2019-07-05,29.8,29.87,29.93,29.52,3759355.0,111905579.0
2019-07-08,29.87,29.03,29.92,28.87,6191629.0,181361863.0
2019-07-09,29.28,29.1,29.61,28.91,5337863.0,155468568.0
2019-07-10,29.07,28.85,29.21,28.7,4354173.0,126038348.0
2019-07-11,28.89,28.83,29.14,28.54,3948551.0,113840944.0
2019-07-12,28.87,28.89,29.08,28.68,4020290.0,116247073.0
2019-07-15,28.83,28.67,28.85,27.93,5794962.0,164538903.0
2019-07-16,28.61,28.22,28.65,28.2,3880551.0,109880852.0
2019-07-17,28.29,28.02,28.29,27.94,4918547.0,137968624.0
2019-07-18,28.0,27.87,28.08,27.69,2957132.0,82368133.0
2019-07-19,27.81,27.79,28.03,27.68,3832622.0,106657373.0
2019-07-22,27.79,27.24,27.89,27.18,4322478.0,118119544.0
2019-07-23,27.23,27.25,27.43,27.15,3499445.0,95392096.0
2019-07-24,27.36,27.57,27.69,27.27,4481005.0,123425615.0
2019-07-25,27.72,27.52,27.8,27.38,5404441.0,148915461.0
2019-07-26,27.52,27.27,27.52,27.19,6478521.0,176733478.0
2019-07-29,27.34,26.98,27.35,26.78,7157716.0,193131708.0
2019-07-30,26.98,27.48,27.48,26.92,5555496.0,151661944.0
2019-07-31,27.54,27.55,27.7,27.22,4039633.0,110994206.0
2019-08-01,27.39,27.24,27.46,27.17,3642503.0,99352696.0
2019-08-02,26.81,26.91,27.05,26.68,4536839.0,122122941.0
2019-08-05,26.91,26.74,27.06,26.74,4238956.0,113931358.0
2019-08-06,26.53,26.38,26.53,26.03,5310600.0,139317358.0
2019-08-07,26.46,26.72,26.9,26.42,4804097.0,128360905.0
2019-08-08,27.0,26.68,27.0,26.65,3188415.0,85326107.0
2019-08-09,26.81,26.58,26.86,26.42,2617440.0,69687163.0
2019-08-12,26.58,26.62,26.7,26.17,3977314.0,104861441.0
2019-08-13,26.56,26.31,26.56,26.2,4263437.0,112161296.0
2019-08-14,26.52,26.71,26.88,26.5,4152846.0,110866803.0
2019-08-15,26.3,26.82,27.0,26.25,3764967.0,100499419.0
2019-08-16,26.83,26.98,27.18,26.71,4585979.0,123901347.0
2019-08-19,27.16,27.39,27.44,27.02,5920268.0,161466537.0
2019-08-20,27.37,27.36,27.64,27.24,4616044.0,126471621.0
2019-08-21,27.48,27.29,27.59,27.2,2954412.0,80817157.0
2019-08-22,27.39,27.3,27.39,27.1,4338080.0,117999713.0
2019-08-23,27.15,27.93,27.98,27.12,8678871.0,239648899.0
2019-08-26,27.47,27.97,28.26,27.47,6695276.0,186818521.0
2019-08-27,27.96,27.81,28.34,27.81,9767665.0,274682080.0
2019-08-28,27.93,27.45,28.05,27.39,5920471.0,163357227.0
2019-08-29,27.39,27.47,27.6,27.12,4610903.0,125937909.0
2019-08-30,27.48,27.0,27.62,26.98,6119704.0,166470128.0
2019-09-02,26.99,27.07,27.18,26.92,5718643.0,154605717.0
2019-09-03,27.16,27.05,27.16,27.01,3242348.0,87761983.0
2019-09-04,27.09,27.08,27.14,26.87,4070566.0,109949051.0
2019-09-05,27.16,27.42,27.46,27.16,7937555.0,217035157.0
2019-09-06,27.47,27.38,27.49,27.28,4265879.0,116765161.0
2019-09-09,27.54,27.45,27.55,27.26,6846937.0,187309510.0
2019-09-10,27.39,27.69,27.7,27.21,8603239.0,236966734.0
2019-09-11,27.69,27.38,27.78,27.32,6503553.0,178678292.0
2019-09-12,27.28,27.49,27.56,27.28,4912695.0,134548656.0
2019-09-16,27.47,27.2,27.49,27.11,7003604.0,190914337.0
2019-09-17,27.17,26.9,27.18,26.87,5242076.0,141366998.0
2019-09-18,26.89,26.89,27.04,26.85,3984108.0,107350564.0
2019-09-19,27.0,26.8,27.0,26.7,6231112.0,166854688.0
2019-09-20,26.8,26.77,26.94,26.73,4640426.0,124536942.0
2019-09-23,26.8,26.61,26.81,26.5,3659476.0,97311860.0
2019-09-24,26.62,26.93,27.04,26.58,5393276.0,145013085.0
2019-09-25,26.91,26.34,26.91,26.23,7090726.0,187798125.0
2019-09-26,26.42,26.23,26.53,26.03,6161824.0,161330123.0
2019-09-27,26.23,26.25,26.27,26.08,2351242.0,61599939.0
2019-09-30,26.27,26.13,26.35,26.1,3196106.0,83723671.0
2019-10-08,26.12,26.16,26.31,26.11,2988070.0,78360203.0
2019-10-09,26.08,25.94,26.11,25.63,4393230.0,113256733.0
2019-10-10,25.98,26.03,26.07,25.84,3848461.0,99946522.0
2019-10-11,26.11,26.04,26.19,25.89,4424127.0,115148237.0
2019-10-14,26.16,26.61,26.65,26.16,6163237.0,163184000.0
2019-10-15,26.61,26.67,26.98,26.45,6065167.0,162416092.0
2019-10-16,26.67,26.41,26.86,26.41,3889200.0,103351614.0
2019-10-17,26.47,26.46,26.69,26.36,2858482.0,75652360.0
2019-10-18,26.38,26.28,26.63,26.16,3355282.0,88545310.0
2019-10-21,26.25,26.08,26.39,26.06,3616745.0,94538425.0
2019-10-22,26.11,26.16,26.18,25.89,2938506.0,76476407.0
2019-10-23,26.12,26.01,26.2,25.98,2973822.0,77447704.0
2019-10-24,25.96,25.97,26.03,25.83,2014291.0,52237805.0
2019-10-25,25.98,26.44,26.72,25.88,5306404.0,139836041.0
2019-10-28,26.52,26.82,26.95,26.45,7324160.0,196120535.0
2019-10-29,26.91,26.8,27.26,26.7,8740662.0,236144123.0
2019-10-30,26.71,26.58,26.71,26.38,4763003.0,126337578.0
2019-10-31,26.52,26.71,26.9,26.41,4512668.0,120192712.0
2019-11-01,26.54,26.34,26.69,26.1,5705790.0,150246525.0
2019-11-04,26.35,26.49,26.86,26.33,6238995.0,165800026.0
2019-11-05,26.59,26.67,26.75,26.34,5497353.0,146173015.0
2019-11-06,26.66,26.59,27.08,26.52,4689048.0,125355293.0
2019-11-07,26.66,26.86,26.9,26.48,4772889.0,127580849.0
2019-11-08,26.98,26.56,26.99,26.53,5664019.0,151708575.0
2019-11-11,26.42,26.1,26.56,25.97,5621512.0,147467417.0
2019-11-12,26.05,26.24,26.27,26.03,3490794.0,91319967.0
2019-11-13,26.24,26.23,26.31,26.12,2640255.0,69159097.0
2019-11-14,26.32,26.09,26.35,25.99,2867794.0,74894525.0
2019-11-15,26.11,25.69,26.15,25.66,4399356.0,113684808.0
2019-11-18,25.69,26.06,26.18,25.64,3572238.0,92702711.0
2019-11-19,26.19,26.14,26.26,26.01,3410019.0,89132038.0
2019-11-20,26.12,26.09,26.37,26.05,3208292.0,84090949.0
2019-11-21,26.08,25.88,26.08,25.77,3447259.0,89166052.0
2019-11-22,25.88,25.68,25.97,25.64,4128021.0,106350396.0
2019-11-25,25.74,25.82,25.86,25.54,2477987.0,63667983.0
2019-11-26,25.85,26.44,26.44,25.82,6004322.0,156812316.0
2019-11-27,26.24,26.07,26.28,26.0,2872220.0,75107171.0
2019-11-28,26.03,26.09,26.2,25.9,1346232.0,35118374.0
2019-11-29,26.06,25.84,26.15,25.79,2071474.0,53661076.0
2019-12-02,25.83,25.58,25.86,25.56,3451532.0,88659557.0
2019-12-03,25.63,25.42,25.69,25.26,4956838.0,125972117.0
2019-12-04,25.39,25.18,25.39,25.15,5396086.0,136079308.0
2019-12-05,25.26,25.29,25.32,25.13,6243301.0,157436336.0
2019-12-06,25.3,25.36,25.36,25.2,5290140.0,133805860.0
2019-12-09,25.55,25.37,25.55,25.24,5291136.0,134086683.0
2019-12-10,25.37,25.56,25.66,25.31,4398761.0,112247863.0
2019-12-11,25.6,25.46,25.69,25.43,2788412.0,71072495.0
2019-12-12,25.53,25.31,25.54,25.22,3624286.0,91693254.0
2019-12-13,25.38,25.55,25.55,25.31,5349019.0,136200041.0
2019-12-16,25.57,25.71,25.71,25.54,6210623.0,159266396.0
2019-12-17,25.74,25.94,26.02,25.61,6281271.0,162385387.0
2019-12-18,25.99,25.81,26.03,25.77,5269027.0,136290340.0
2019-12-19,25.81,25.91,25.95,25.78,3907633.0,101102227.0
2019-12-20,25.93,25.89,26.01,25.87,3666887.0,95104990.0
2019-12-23,25.93,25.61,25.97,25.6,4237619.0,109228551.0
2019-12-24,25.53,25.92,25.94,25.46,3821281.0,98660610.0
2019-12-25,27.73,27.03,28.22,26.84,26145963.0,718477421.0
2019-12-26,26.99,28.22,28.62,26.74,23967448.0,668234253.0
2019-12-27,28.12,27.67,28.62,27.63,12224574.0,342457350.0
2019-12-30,27.66,27.63,27.93,27.33,8838155.0,244079926.09
2019-12-31,27.63,27.91,28.07,27.51,10031263.0,279528908.13
2020-01-02,28.08,27.81,28.24,27.76,8762260.0,244823602.48
2020-01-03,27.92,27.73,27.97,27.66,7112350.0,197505776.09
2020-01-06,27.56,27.57,27.78,27.49,6534887.0,180299427.52
2020-01-07,27.66,27.44,27.66,27.22,7149726.0,195537373.53
2020-01-08,27.35,26.96,27.35,26.65,10632850.0,286895586.48
2020-01-09,27.09,27.17,27.43,26.99,7305413.0,198447929.42
2020-01-10,27.18,27.13,27.4,27.05,5641251.0,153526072.2
2020-01-13,27.14,27.17,27.26,26.79,5648330.0,152310969.45
2020-01-14,27.26,27.26,27.48,27.16,6165283.0,168186833.37
2020-01-15,27.32,26.91,27.32,26.87,4769606.0,128810153.43
2020-01-16,26.98,26.78,27.04,26.75,4017982.0,107735704.45
2020-01-17,26.84,26.97,27.13,26.8,4477681.0,120636605.33
2020-01-20,27.14,27.72,27.73,27.14,10744179.0,295824190.0
2020-01-21,27.87,27.9,28.32,27.69,14773064.0,413824890.95
2020-01-22,28.06,27.5,28.24,27.33,10770567.0,297189611.54
2020-01-23,27.61,27.09,27.81,26.95,8939274.0,244635041.42
2020-02-03,26.74,28.03,29.3,24.76,25675281.0,707132009.37
2020-02-04,28.22,27.81,28.32,26.96,16088618.0,445681468.56
2020-02-05,27.83,29.13,29.37,27.43,27443936.0,771990923.15
2020-02-06,29.13,29.26,29.96,28.59,29860974.0,878507689.5
2020-02-07,29.7,28.6,29.7,28.29,19155157.0,551668184.5
2020-02-10,28.72,27.87,28.81,27.67,14236274.0,399004319.6
2020-02-11,27.89,27.73,28.05,27.39,10514459.0,290530623.7
2020-02-12,27.62,27.61,27.92,27.29,9265431.0,255049518.62
2020-02-13,27.63,27.09,27.72,27.04,10484098.0,285819715.75
2020-02-14,27.14,27.22,27.59,27.07,7240670.0,197486025.85
2020-02-17,27.48,27.82,28.09,27.36,11956028.0,332502979.41
2020-02-18,27.97,27.8,28.09,27.59,10042494.0,279252924.29
2020-02-19,27.91,27.24,27.91,27.23,12068369.0,330193211.73
2020-02-20,27.3,27.44,27.51,27.14,7172749.0,196398715.33
2020-02-21,27.43,27.54,27.69,27.23,9238840.0,253819993.86
2020-02-24,27.72,27.34,27.73,27.3,10297097.0,282437171.97
2020-02-25,27.1,27.3,27.68,26.95,14480006.0,394989526.6
2020-02-26,27.09,26.79,27.14,26.77,11097579.0,298430638.94
2020-02-27,26.83,26.59,27.06,26.54,9824624.0,262237185.93
2020-02-28,26.34,25.89,26.72,25.89,10092141.0,265140973.01
2020-03-02,25.96,26.32,26.37,25.9,7629762.0,199742139.91
2020-03-03,26.39,26.4,26.7,26.27,8270578.0,219331725.65
2020-03-04,26.25,26.27,26.37,26.1,6194838.0,162212042.2
2020-03-05,26.36,26.67,26.69,26.25,9506844.0,251931820.58
2020-03-06,26.5,26.48,26.86,26.42,7239880.0,192445159.4
2020-03-09,26.39,26.02,26.39,25.9,8133569.0,211835554.31
2020-03-10,25.75,26.04,26.11,25.56,9759541.0,251916768.8
2020-03-11,26.07,26.06,26.29,25.96,7316098.0,190950395.37
2020-03-12,26.03,25.61,26.03,25.55,6295407.0,161694435.57
2020-03-13,24.78,25.11,25.34,24.62,9342268.0,232971844.47
2020-03-16,25.63,25.27,26.49,25.23,14620728.0,377849144.49
2020-03-17,24.87,24.83,25.32,24.46,9530385.0,236586910.43
2020-03-18,24.98,24.57,25.12,24.46,8586893.0,212979607.88
2020-03-19,24.4,24.01,24.56,23.77,8731530.0,210276408.69
2020-03-20,24.11,24.25,24.4,24.02,5810769.0,140765293.63
2020-03-23,23.97,23.9,24.15,23.79,5555870.0,133349934.19
2020-03-24,24.16,24.11,24.25,23.76,6591787.0,158383508.65
2020-03-25,24.36,24.56,24.61,24.26,7141674.0,174668141.87
2020-03-26,24.38,24.89,25.05,24.34,8427447.0,209508922.81
2020-03-27,25.08,24.94,25.55,24.91,8879945.0,223814203.67
2020-03-30,24.91,25.2,25.32,24.71,8259030.0,206931515.75
2020-03-31,25.25,25.11,25.29,24.91,5383607.0,134727551.37
2020-04-01,25.08,24.61,25.08,24.61,5513349.0,136643738.62
2020-04-02,24.74,24.66,24.75,24.2,4808139.0,117481036.47
2020-04-03,24.45,24.54,24.91,24.36,4222788.0,103959852.53
2020-04-07,24.76,24.81,24.91,24.59,7188924.0,177814991.91
2020-04-08,24.73,24.83,24.91,24.46,6569840.0,162433428.92
2020-04-09,24.84,24.99,25.12,24.72,6294469.0,156699342.97
2020-04-10,24.93,24.72,25.09,24.69,6306034.0,156759013.46
2020-04-13,24.7,24.79,25.04,24.48,4316015.0,106898441.9
2020-04-14,24.81,25.01,25.01,24.46,7596600.0,188307262.09
2020-04-15,24.99,25.18,25.45,24.84,9170008.0,231179914.87
2020-04-16,25.18,25.21,25.49,25.03,7259679.0,183142471.74
2020-04-17,25.25,25.03,25.43,24.97,6377049.0,160347263.88
2020-04-20,25.12,25.0,25.12,24.83,4513594.0,112633582.23
2020-04-21,24.93,24.79,24.93,24.46,5957723.0,146896573.71
2020-04-22,24.66,24.76,24.84,24.48,3523306.0,87018471.5
2020-04-23,24.78,24.95,25.25,24.78,6821584.0,170765989.06
2020-04-24,24.95,24.63,25.02,24.56,6371660.0,157343560.3
2020-04-27,24.66,24.77,24.91,24.51,4425755.0,109487875.95
2020-04-28,24.93,24.82,25.03,24.28,7006881.0,173189800.25
2020-04-29,24.71,25.36,25.4,24.64,10192202.0,256795564.24
2020-04-30,25.1,25.43,25.5,24.98,10214921.0,258782523.7
2020-05-06,25.13,25.55,25.6,25.06,6844400.0,173913525.95
2020-05-07,25.61,25.33,25.61,25.21,4629947.0,117470391.74
2020-05-08,25.33,25.31,25.51,25.22,4943262.0,125231286.1
2020-05-11,25.31,25.06,25.35,24.99,5363725.0,134840126.84
2020-05-12,25.07,25.02,25.25,24.93,3503867.0,87755051.68
2020-05-13,24.92,25.06,25.11,24.81,3446894.0,86128354.05
2020-05-14,25.03,24.79,25.03,24.77,3035455.0,75464686.85
2020-05-15,24.85,24.86,24.95,24.81,2275275.0,56617557.46
2020-05-18,24.86,24.94,25.11,24.66,4709884.0,117382152.82
2020-05-19,25.11,25.13,25.4,25.06,3730301.0,93883286.23
2020-05-20,25.13,24.95,25.2,24.89,2645776.0,66219435.48
2020-05-21,25.01,24.88,25.14,24.83,3913447.0,97698105.75
2020-05-22,24.95,24.53,24.99,24.49,4454579.0,109806612.96
2020-05-25,24.46,24.61,24.7,24.4,2170580.0,53281937.47
2020-05-26,24.61,24.83,24.9,24.57,2548802.0,63121484.97
2020-05-27,24.82,24.74,24.89,24.7,2246371.0,55682414.34
2020-05-28,24.79,24.61,24.84,24.51,2581847.0,63623852.24
2020-05-29,24.66,24.82,24.82,24.54,3231551.0,79795207.24
2020-06-01,25.06,25.24,25.34,24.91,6672088.0,167822942.91
2020-06-02,25.16,25.35,25.39,25.0,5396048.0,136159251.71
2020-06-03,25.76,26.67,27.48,25.76,25447279.0,683344348.64
2020-06-04,26.42,26.28,26.54,25.97,10204810.0,267604861.58
2020-06-05,26.24,25.85,26.26,25.75,6862675.0,177959967.69
2020-06-08,26.12,25.93,26.34,25.7,6076190.0,157491662.12
2020-06-09,25.95,26.15,26.34,25.82,5471346.0,142847629.43
2020-06-10,26.15,25.88,26.22,25.75,3820167.0,98910857.41
2020-06-11,25.91,25.46,25.95,25.36,6377759.0,163593964.14
2020-06-12,25.15,25.53,25.62,25.11,4285995.0,108996467.31
2020-06-15,25.65,25.9,26.19,25.65,6580204.0,170877805.21
2020-06-16,25.94,25.98,26.01,25.66,5060720.0,131012581.95
2020-06-17,26.0,26.28,26.51,26.0,7772133.0,204267759.62
2020-06-18,26.29,26.13,26.34,25.79,6417389.0,167279918.54
2020-06-19,26.04,26.14,26.52,25.93,6153712.0,161327925.08
2020-06-22,26.12,26.15,26.41,25.97,4727855.0,123635050.9
2020-06-23,26.06,26.62,26.7,25.9,9867709.0,260894282.42
2020-06-24,26.63,26.43,26.85,26.29,6501443.0,172001551.14
2020-06-29,26.38,26.51,26.63,26.16,6117134.0,161653055.72
2020-06-30,26.69,26.86,27.36,26.52,11632038.0,314207267.48
2020-07-01,26.93,27.26,27.58,26.75,13772511.0,376094151.12
2020-07-02,27.36,27.2,27.57,27.03,12836878.0,349868012.79
2020-07-03,27.06,27.71,27.92,26.76,18425571.0,504554381.39
2020-07-06,27.78,28.43,28.67,27.52,19987346.0,562167951.52
2020-07-07,28.32,28.1,28.66,28.08,17298518.0,491791131.6
2020-07-08,28.06,27.93,28.32,27.58,15822440.0,440286845.76
2020-07-09,27.84,28.27,28.59,27.63,18420363.0,518429427.7
2020-07-10,28.18,27.93,28.49,27.73,14216190.0,398902072.12
2020-07-13,27.85,29.07,29.7,27.84,24735249.0,716918190.13
2020-07-14,29.07,28.66,29.29,28.03,17450695.0,500033578.27
2020-07-15,28.72,28.54,29.21,28.38,15243832.0,439360661.95
2020-07-16,28.69,27.04,28.87,27.0,16964126.0,470783810.23
2020-07-17,27.05,26.67,27.4,26.41,14247207.0,382628425.46
2020-07-20,26.88,27.1,27.1,26.45,12511689.0,335140740.36
2020-07-21,27.08,27.21,27.37,26.91,8637553.0,234195597.01
2020-07-22,27.19,27.18,27.54,27.01,9164269.0,249991657.46
2020-07-23,27.06,27.3,27.39,26.53,12400977.0,335719242.54
2020-07-24,27.3,26.34,27.41,26.3,11788265.0,315577647.17
2020-07-27,26.3,26.37,26.5,26.12,7440995.0,195691393.42
2020-07-28,26.4,26.36,26.63,26.21,6521279.0,172130872.28
2020-07-29,26.36,26.9,27.05,26.28,9830802.0,262539114.24
2020-07-30,26.92,27.22,27.72,26.91,12852341.0,351830196.46
2020-07-31,27.2,27.04,27.5,26.51,13177356.0,355793162.61
2020-08-03,27.04,27.63,27.79,27.0,12969236.0,357213220.13
2020-08-04,27.75,27.57,28.06,27.49,13038669.0,362127790.93
2020-08-05,28.18,30.32,30.33,28.05,72003700.0,2138625477.78
2020-08-06,29.85,29.18,30.5,28.88,48665040.0,1439250401.54
2020-08-07,29.9,30.68,31.42,29.75,50894604.0,1553390907.62
2020-08-10,30.69,33.5,33.75,30.69,63511038.0,2102466368.7
2020-08-11,33.01,32.35,33.7,32.09,36988072.0,1203506213.19
2020-08-12,31.85,30.9,32.49,29.94,34049783.0,1051359310.52
2020-08-13,31.07,30.61,31.5,30.21,16437922.0,506224210.37
2020-08-14,30.42,30.45,30.9,29.77,16193215.0,489576748.57
2020-08-17,30.41,30.81,30.99,30.11,19188454.0,586773097.62
2020-08-18,30.62,30.94,31.1,30.5,13032234.0,401651189.38
2020-08-19,30.87,30.13,30.87,30.11,11957401.0,363724394.13
2020-08-20,30.07,29.82,30.73,29.75,11637857.0,350440539.81
2020-08-21,30.02,30.26,30.65,29.9,10976152.0,331908871.62
2020-08-24,30.4,30.1,30.45,29.8,12892957.0,386534925.2
2020-08-25,29.96,29.43,30.22,29.42,11645723.0,345754964.15
2020-08-26,29.32,28.75,29.59,28.69,14775526.0,430042258.87
2020-08-27,28.86,28.75,29.22,28.48,11298430.0,325284541.37
2020-08-28,28.89,30.4,30.58,28.78,24174772.0,722255190.02
2020-08-31,30.18,29.7,30.18,29.51,20230695.0,603456128.81
2020-09-01,29.71,29.73,29.92,29.4,10837095.0,320979881.63
2020-09-02,29.81,30.18,30.2,29.19,16971320.0,505241348.67
2020-09-03,30.17,31.9,33.2,30.01,53922232.0,1735809088.66
2020-09-04,31.0,30.5,31.3,30.2,26723911.0,817657042.29
2020-09-07,30.55,29.17,30.86,29.0,22450359.0,670886604.67
2020-09-08,29.35,29.25,29.45,28.77,12675031.0,369232530.28
2020-09-09,29.0,28.52,29.05,28.33,13225043.0,379263609.49
2020-09-10,28.8,27.88,28.95,27.78,11476737.0,325248570.22
2020-09-11,28.0,28.76,28.98,27.75,10194077.0,289019166.61
2020-09-14,29.0,28.23,29.01,27.99,9913645.0,281877115.39
2020-09-15,28.22,28.5,28.59,28.03,5636927.0,160090609.1
2020-09-16,28.6,28.92,29.07,28.42,7868334.0,226070660.78
2020-09-17,28.71,28.69,28.89,28.21,6162868.0,175976949.44
2020-09-18,28.6,28.8,28.89,28.38,6651475.0,190409300.54
2020-09-21,28.7,29.01,29.25,28.7,7357989.0,213512408.09
2020-09-22,28.8,28.45,29.1,28.38,5571584.0,160103570.92
2020-09-23,28.55,28.46,28.69,28.13,5209227.0,147779034.83
2020-09-24,28.4,27.74,28.4,27.72,7306133.0,204144973.42
2020-09-25,27.74,27.18,27.87,26.98,10430078.0,284959140.96
2020-09-28,27.19,27.01,27.4,26.95,5050629.0,136820237.81
2020-09-29,27.08,27.12,27.32,26.52,6796156.0,183939166.26
2020-09-30,27.18,26.98,27.3,26.8,5652904.0,152853723.2
2020-10-09,27.2,27.38,27.65,27.2,8353683.0,228993850.81
2020-10-12,27.38,27.91,27.96,27.21,10910318.0,302090307.46
2020-10-13,27.8,27.79,27.91,27.51,9127095.0,252671612.07
2020-10-14,27.78,27.33,27.78,27.28,6977313.0,191854386.51
2020-10-15,27.37,26.93,27.46,26.88,8572346.0,231924143.96
2020-10-16,26.91,27.45,27.6,26.81,11222277.0,305385477.13
2020-10-19,27.43,26.76,27.43,26.66,11831525.0,319125404.88
2020-10-20,26.77,27.05,27.07,26.58,4991798.0,134344078.59
2020-10-21,26.98,27.09,27.29,26.91,5061345.0,137041983.78
2020-10-22,27.09,27.12,27.2,26.84,5018393.0,135811858.83
2020-10-23,27.12,26.99,27.29,26.8,5384049.0,145673852.82
2020-10-26,26.84,26.9,27.2,26.78,4901447.0,132092656.95
2020-10-27,26.78,26.72,26.94,26.68,4528290.0,121173976.91
2020-10-28,26.66,26.45,26.72,25.96,8294426.0,217664745.33
2020-10-29,26.13,26.73,26.9,26.05,6702150.0,178646692.13
2020-10-30,26.8,26.9,27.51,26.63,9355515.0,253648084.73
2020-11-02,27.06,26.26,27.15,25.75,12343076.0,325527326.39
2020-11-03,26.27,27.16,27.3,26.17,11732596.0,316401549.89
2020-11-04,27.37,26.95,27.37,26.75,5263083.0,141995514.73
2020-11-05,27.04,27.37,27.44,27.0,9124793.0,248932189.71
2020-11-06,27.5,27.8,27.89,27.0,12879641.0,353338306.47
2020-11-09,27.8,27.95,28.28,27.66,11606555.0,324799733.91
2020-11-10,27.95,27.54,28.14,27.47,6859537.0,190311084.09
2020-11-11,27.5,27.96,28.06,27.27,8612846.0,238622059.56
2020-11-12,27.96,27.81,28.2,27.61,5987828.0,167064255.71
2020-11-13,27.68,27.22,27.8,27.07,7093333.0,193591088.05
2020-11-16,27.28,27.47,27.5,27.22,4724959.0,129384634.03
2020-11-17,27.47,27.17,27.59,27.1,4820635.0,131316466.68
2020-11-18,27.17,27.14,27.42,27.07,5871399.0,159678668.33
2020-11-19,27.02,27.26,27.32,26.74,7035040.0,190431180.3
2020-11-20,27.19,27.15,27.44,27.09,6643779.0,181022658.79
2020-11-23,27.14,27.27,27.36,26.88,7611309.0,205967991.35
2020-11-24,27.17,26.99,27.25,26.94,4608078.0,124646015.19
2020-11-25,26.95,26.7,27.18,26.7,8473143.0,228267505.55
2020-11-26,26.75,26.75,26.92,26.69,3595304.0,96221256.08
2020-11-27,26.81,26.69,26.85,26.53,3819607.0,101779088.2
2020-11-30,26.69,26.9,26.99,26.56,7076362.0,189336587.88
2020-12-01,26.78,26.92,27.06,26.78,9702873.0,260820541.82
2020-12-02,26.89,25.97,26.91,25.88,25823811.0,678872010.13
2020-12-03,25.92,25.06,25.93,24.94,45201427.0,1135003333.21
2020-12-04,25.2,25.28,25.47,25.03,23830074.0,600387318.91
2020-12-07,25.35,25.21,25.44,25.05,23225684.0,586953874.69
2020-12-08,25.22,24.84,25.3,24.77,22989275.0,573259096.79
2020-12-09,24.79,24.5,24.95,24.5,16548666.0,408601369.0
2020-12-10,24.5,24.66,25.18,24.47,21198959.0,526557084.02
2020-12-11,24.48,24.9,25.35,24.33,66963657.0,1670789212.12
2020-12-14,25.09,24.95,25.25,24.77,23638804.0,589112790.85
2020-12-15,24.88,24.68,24.89,24.57,14641525.0,361716822.03
2020-12-16,24.61,25.1,25.32,24.56,20834005.0,520476418.91
2020-12-17,25.07,24.93,25.08,24.81,14913707.0,371589809.1
2020-12-18,24.87,25.1,25.24,24.87,18230330.0,457725228.94
2020-12-21,25.05,24.97,25.06,24.78,14047583.0,349833470.12
2020-12-22,24.92,24.62,25.1,24.54,16302338.0,404044090.37
2020-12-23,24.63,24.2,24.68,24.11,19239171.0,467052361.66
2020-12-24,24.12,23.45,24.15,23.26,23987594.0,567989271.75
2020-12-25,23.4,23.55,23.63,23.25,7975658.0,187467311.84
2020-12-28,23.59,23.42,23.82,23.41,9881612.0,233200796.84
2020-12-29,23.4,23.35,23.57,23.26,8988645.0,210111359.94
2020-12-30,23.35,23.47,23.59,23.3,7649181.0,179525120.41
2020-12-31,23.55,23.9,24.13,23.55,12827352.0,306559329.93
2021-01-04,23.96,24.38,24.46,23.91,13974902.0,339400343.87
2021-01-05,24.36,25.72,26.15,24.15,40089028.0,1016253866.07
2021-01-06,25.6,25.4,26.3,25.29,26648652.0,685875203.38
2021-01-07,25.24,25.08,25.5,24.62,20870960.0,521538808.61
2021-01-08,25.18,25.31,25.49,24.85,14025836.0,353568965.0
2021-01-11,25.17,24.77,25.17,24.61,13958227.0,347079430.57
2021-01-12,24.77,24.71,24.91,24.6,10596432.0,262389623.48
2021-01-13,24.85,24.19,25.19,24.13,17488143.0,429692748.61
2021-01-14,24.19,24.5,24.66,24.01,11390388.0,277799505.32
2021-01-15,24.37,24.5,24.75,24.28,8687835.0,212466189.28
2021-01-18,24.5,25.3,25.6,24.43,19948208.0,503615343.56
2021-01-19,25.31,25.15,25.35,24.92,11119872.0,279032327.95
2021-01-20,25.11,25.3,25.55,25.07,12670408.0,321096508.86
2021-01-21,25.3,25.56,25.6,25.2,13978412.0,356308871.94
2021-01-22,25.55,25.17,25.64,25.05,9817732.0,248197181.78
2021-01-25,25.17,24.82,25.25,24.64,12828661.0,318119555.63
2021-01-26,24.8,24.3,24.8,24.28,10448597.0,255110726.14
2021-01-27,24.25,24.16,24.5,24.12,7368791.0,178750602.31
2021-01-28,24.0,23.74,24.06,23.73,8081152.0,192712993.47
2021-01-29,23.74,23.63,23.91,23.52,8546704.0,202419495.5
2021-02-01,23.56,24.17,24.2,23.52,7124011.0,171013559.73
2021-02-02,24.18,24.29,24.41,23.9,7433645.0,179356860.29
2021-02-03,24.3,24.02,24.66,24.01,7922075.0,192773781.12
2021-02-04,23.92,23.95,24.08,23.5,10117485.0,239388731.3
2021-02-05,23.83,24.03,24.54,23.77,7629758.0,184545067.95
2021-02-08,24.2,25.45,25.9,24.16,26637804.0,668656824.17
2021-02-09,25.26,25.83,26.26,24.88,26796975.0,683154274.17
2021-02-10,26.01,25.65,26.35,25.6,22859133.0,592156737.12
2021-02-18,25.8,26.63,27.25,25.46,29175449.0,768673518.82
2021-02-19,26.35,26.52,26.87,26.3,15729948.0,417467494.57
2021-02-22,26.51,25.76,26.51,25.72,20244787.0,527366885.62
2021-02-23,25.18,27.65,28.13,25.1,53768627.0,1442535804.28
2021-02-24,27.3,26.37,27.45,26.2,32847333.0,877396626.53
2021-02-25,26.43,26.88,27.62,26.22,31496096.0,852212922.49
2021-02-26,26.49,27.0,27.81,25.8,25970344.0,698990834.05
2021-03-01,27.29,27.0,27.47,26.66,20555135.0,554570489.73
2021-03-02,26.95,26.52,26.95,26.11,16133775.0,428755254.84
2021-03-03,26.4,26.54,26.84,26.34,11290612.0,299639815.85
2021-03-04,26.5,26.08,26.52,25.75,16310241.0,425975408.52
2021-03-05,25.83,26.79,27.14,25.82,16212289.0,431471381.71
2021-03-08,26.82,26.32,27.28,26.32,13747920.0,368205532.31
2021-03-09,26.33,26.12,26.66,25.68,12681980.0,332250360.21
2021-03-10,26.39,25.5,26.44,25.5,12309754.0,317793929.1
2021-03-11,25.36,25.56,25.79,25.27,12302400.0,313335562.77
2021-03-12,25.56,25.8,26.05,25.32,8728605.0,223820529.6
2021-03-15,25.75,25.65,26.06,25.45,8318026.0,213937876.28
2021-03-16,25.65,25.73,25.84,25.56,5623684.0,144711881.79
2021-03-17,25.64,25.53,25.86,25.47,6563516.0,168161698.92
2021-03-18,25.53,25.55,25.8,25.46,6270285.0,160645258.24
2021-03-19,25.36,25.62,25.97,25.29,10551569.0,271099730.6
2021-03-22,25.69,26.44,26.45,25.53,14111102.0,369355296.52
2021-03-23,26.5,26.47,26.89,26.2,11213366.0,297584474.64
2021-03-24,26.33,26.48,26.9,26.23,11473932.0,304780109.81
2021-03-25,26.56,26.9,26.97,26.4,12138066.0,325449689.22
2021-03-26,26.9,26.89,27.06,26.59,13670636.0,366815418.64
2021-03-29,27.0,27.29,27.56,26.99,19915878.0,543195518.05
2021-03-30,28.0,29.34,29.56,27.63,53149560.0,1531294254.02
2021-03-31,29.31,29.95,30.08,29.3,39758076.0,1184533403.72
2021-04-01,29.76,30.06,30.12,29.51,20799161.0,620955479.97
2021-04-02,30.06,29.4,30.09,29.0,23205408.0,683620849.79
2021-04-06,29.26,28.94,29.38,28.75,16483848.0,477689308.53
2021-04-07,28.89,28.76,28.95,28.38,15893316.0,455442924.95
2021-04-08,28.68,28.9,29.3,28.52,15626494.0,452719317.03
2021-04-09,28.96,29.06,29.61,28.75,14906471.0,435758705.15
2021-04-12,29.1,29.11,29.78,28.51,19994985.0,583911524.67
2021-04-13,29.05,28.85,29.46,28.74,11883072.0,345014103.69
2021-04-14,28.88,28.9,29.05,28.4,7857983.0,226652689.78
2021-04-15,28.9,28.9,28.9,28.9,0.0,0.0
2021-04-16,28.09,28.89,29.34,28.0,16260087.0,467150478.14
2021-04-19,28.79,29.04,29.58,28.63,14112797.0,411802633.75
2021-04-20,29.0,29.3,29.66,28.9,11917050.0,349084411.77
2021-04-21,29.4,29.33,29.63,29.16,9339415.0,274243631.48
2021-04-22,29.3,29.32,29.5,29.12,7276475.0,212998569.83
