date,open,close,high,low,volume,money
2005-01-04,0.8,0.81,0.81,0.79,3440202.0,2756196.0
2005-01-05,0.81,0.82,0.82,0.8,3171061.0,2577679.0
2005-01-06,0.82,0.81,0.82,0.81,3241570.0,2634590.0
2005-01-07,0.81,0.81,0.81,0.8,7152908.0,5759867.0
2005-01-10,0.8,0.81,0.81,0.8,2533720.0,2037933.0
2005-01-11,0.81,0.8,0.81,0.8,2843944.0,2284368.0
2005-01-12,0.8,0.81,0.82,0.8,2180266.0,1759962.0
2005-01-13,0.81,0.82,0.82,0.81,3036567.0,2471083.0
2005-01-14,0.82,0.82,0.83,0.81,4921282.0,4048898.0
2005-01-17,0.81,0.8,0.81,0.79,5004462.0,4022964.0
2005-01-18,0.8,0.82,0.82,0.79,3526354.0,2838272.0
2005-01-19,0.8,0.8,0.82,0.8,1831706.0,1473013.0
2005-01-20,0.8,0.78,0.8,0.76,6790826.0,5322116.0
2005-01-21,0.77,0.8,0.8,0.77,5094284.0,4001341.0
2005-01-24,0.82,0.81,0.83,0.8,5148644.0,4175308.0
2005-01-25,0.81,0.8,0.81,0.8,2675364.0,2140754.0
2005-01-26,0.8,0.8,0.8,0.79,2347296.0,1875035.0
2005-01-27,0.8,0.79,0.8,0.78,2232197.0,1757180.0
2005-01-28,0.78,0.77,0.79,0.77,2218149.0,1727817.0
2005-01-31,0.77,0.75,0.77,0.74,3350769.0,2518982.0
2005-02-01,0.75,0.77,0.77,0.75,3332517.0,2560628.0
2005-02-02,0.77,0.82,0.83,0.77,5076893.0,4050570.0
2005-02-03,0.82,0.81,0.82,0.79,5142907.0,4132712.0
2005-02-04,0.8,0.83,0.84,0.8,5741839.0,4669914.0
2005-02-16,0.82,0.83,0.83,0.82,4533725.0,3753549.0
2005-02-17,0.83,0.82,0.83,0.8,3560820.0,2887071.0
2005-02-18,0.81,0.8,0.82,0.8,1063987.0,855310.0
2005-02-21,0.8,0.8,0.8,0.8,0.0,0.0
2005-02-22,0.81,0.87,0.87,0.81,16362564.0,13782854.0
2005-02-23,0.87,0.89,0.9,0.85,14521414.0,12711307.0
2005-02-24,0.88,0.88,0.89,0.86,6879743.0,6027421.0
2005-02-25,0.87,0.88,0.9,0.87,7276046.0,6422322.0
2005-02-28,0.88,0.91,0.92,0.88,13112456.0,11825643.0
2005-03-01,0.88,0.88,0.89,0.83,10588669.0,9144048.0
2005-03-02,0.88,0.86,0.88,0.86,6836857.0,5944134.0
2005-03-03,0.86,0.86,0.87,0.84,3081120.0,2644280.0
2005-03-04,0.87,0.87,0.88,0.86,4664684.0,4040361.0
2005-03-07,0.87,0.9,0.91,0.87,15182572.0,13539748.0
2005-03-08,0.9,0.91,0.91,0.89,8692752.0,7864927.0
2005-03-09,0.91,0.9,0.92,0.9,5301290.0,4807898.0
2005-03-10,0.9,0.88,0.9,0.87,6212630.0,5512882.0
2005-03-11,0.88,0.88,0.88,0.87,4593640.0,4031975.0
2005-03-14,0.87,0.91,0.92,0.87,10833422.0,9731196.0
2005-03-15,0.91,0.9,0.91,0.89,8857552.0,7970868.0
2005-03-16,0.89,0.87,0.9,0.87,6008406.0,5302444.0
2005-03-17,0.87,0.86,0.87,0.85,4003100.0,3451012.0
2005-03-18,0.85,0.84,0.86,0.84,4938656.0,4202389.0
2005-03-21,0.84,0.85,0.87,0.84,3559008.0,3051246.0
2005-03-22,0.86,0.82,0.86,0.81,3797734.0,3088534.0
2005-03-23,0.82,0.82,0.83,0.8,4866787.0,3962710.0
2005-03-24,0.81,0.82,0.82,0.8,2318929.0,1883607.0
2005-03-25,0.82,0.82,0.82,0.81,1923224.0,1569386.0
2005-03-28,0.81,0.81,0.81,0.8,1721954.0,1385738.0
2005-03-29,0.8,0.81,0.81,0.8,3561564.0,2868344.0
2005-03-30,0.8,0.78,0.81,0.78,5448989.0,4297108.0
2005-03-31,0.78,0.78,0.78,0.78,0.0,0.0
2005-04-01,0.8,0.82,0.82,0.78,8105529.0,6554377.0
2005-04-04,0.81,0.8,0.81,0.8,3978313.0,3194490.0
2005-04-05,0.8,0.78,0.81,0.78,2772328.0,2192964.0
2005-04-06,0.78,0.79,0.8,0.77,5009002.0,3944692.0
2005-04-07,0.79,0.82,0.83,0.79,17697776.0,14416344.0
2005-04-08,0.81,0.83,0.83,0.81,5335684.0,4366302.0
2005-04-11,0.83,0.82,0.83,0.81,4313124.0,3533114.0
2005-04-12,0.82,0.8,0.84,0.8,5051638.0,4116553.0
2005-04-13,0.81,0.83,0.84,0.81,10244324.0,8533492.0
2005-04-14,0.82,0.82,0.84,0.81,6740139.0,5533454.0
2005-04-15,0.81,0.81,0.81,0.79,3996979.0,3201376.0
2005-04-18,0.8,0.8,0.81,0.8,3037418.0,2439053.0
2005-04-19,0.8,0.83,0.84,0.8,8098236.0,6700791.0
2005-04-20,0.84,0.83,0.84,0.82,6820731.0,5648742.0
2005-04-21,0.83,0.86,0.86,0.82,11521275.0,9798174.0
2005-04-22,0.86,0.87,0.87,0.85,10259447.0,8834269.0
2005-04-25,0.86,0.87,0.88,0.85,9775313.0,8467318.0
2005-04-26,0.87,0.87,0.88,0.86,6913648.0,5992558.0
2005-04-27,0.86,0.89,0.89,0.85,13413083.0,11760405.0
2005-04-28,0.89,0.9,0.91,0.87,10327052.0,9236917.0
2005-04-29,0.91,0.89,0.91,0.89,7448896.0,6664700.0
2005-05-09,0.89,0.87,0.89,0.84,7992555.0,6898842.0
2005-05-10,0.87,0.87,0.87,0.85,6005837.0,5154996.0
2005-05-11,0.86,0.86,0.88,0.85,3669767.0,3177251.0
2005-05-12,0.86,0.82,0.86,0.79,10416332.0,8508471.0
2005-05-13,0.81,0.83,0.83,0.79,6669378.0,5437466.0
2005-05-16,0.82,0.83,0.83,0.8,2218422.0,1813280.0
2005-05-17,0.82,0.83,0.84,0.82,2338572.0,1942222.0
2005-05-18,0.83,0.84,0.85,0.82,2521484.0,2099007.0
2005-05-19,0.85,0.86,0.87,0.83,2051223.0,1740983.0
2005-05-20,0.86,0.86,0.87,0.85,3005197.0,2595788.0
2005-05-23,0.85,0.85,0.85,0.83,2796187.0,2353394.0
2005-05-24,0.84,0.87,0.87,0.84,1913929.0,1641889.0
2005-05-25,0.87,0.86,0.87,0.85,2128570.0,1824674.0
2005-05-26,0.84,0.86,0.87,0.84,7502586.0,6429226.0
2005-05-27,0.86,0.82,0.87,0.82,1909594.0,1599811.0
2005-05-30,0.81,0.83,0.83,0.79,1801000.0,1467061.0
2005-05-31,0.83,0.83,0.83,0.82,757638.0,627312.0
2005-06-01,0.83,0.81,0.83,0.81,1059575.0,866436.0
2005-06-02,0.81,0.77,0.82,0.75,5759511.0,4517752.0
2005-06-03,0.77,0.76,0.77,0.7,7228195.0,5299825.0
2005-06-06,0.74,0.77,0.78,0.72,3227820.0,2410855.0
2005-06-07,0.76,0.77,0.79,0.75,3930831.0,3032895.0
2005-06-08,0.77,0.85,0.85,0.77,9533493.0,7873963.0
2005-06-09,0.85,0.87,0.87,0.84,9351019.0,8054068.0
2005-06-10,0.86,0.85,0.86,0.84,4812106.0,4098395.0
2005-06-13,0.84,0.86,0.86,0.83,2621891.0,2215843.0
2005-06-14,0.86,0.85,0.86,0.83,4109953.0,3483030.0
2005-06-15,0.84,0.82,0.84,0.81,3716708.0,3037109.0
2005-06-16,0.82,0.84,0.84,0.81,2419254.0,1995042.0
2005-06-17,0.84,0.83,0.84,0.81,1812137.0,1494390.0
2005-06-20,0.83,0.86,0.87,0.81,5786074.0,4912335.0
2005-06-21,0.86,0.86,0.86,0.85,3795799.0,3261183.0
2005-06-22,0.86,0.86,0.86,0.84,3050557.0,2612446.0
2005-06-23,0.85,0.85,0.86,0.85,2271986.0,1948811.0
2005-06-24,0.84,0.87,0.88,0.84,6473873.0,5594742.0
2005-06-27,0.88,0.91,0.91,0.88,13487034.0,12172712.0
2005-06-28,0.91,0.9,0.91,0.89,9682280.0,8708844.0
2005-06-29,0.89,0.93,0.94,0.89,15871869.0,14585115.0
2005-06-30,0.92,0.89,0.92,0.89,7527406.0,6842643.0
2005-07-01,0.88,0.89,0.9,0.88,9938580.0,8796091.0
2005-07-04,0.89,0.92,0.92,0.86,6124522.0,5462828.0
2005-07-05,0.91,0.91,0.92,0.9,7242719.0,6584057.0
2005-07-06,0.92,0.9,0.92,0.87,10647079.0,9478830.0
2005-07-07,0.89,0.9,0.9,0.88,3559948.0,3167049.0
2005-07-08,0.9,0.88,0.9,0.87,3573328.0,3149268.0
2005-07-11,0.9,0.88,0.94,0.87,6100238.0,5452884.0
2005-07-12,0.88,0.91,0.92,0.86,9603761.0,8679135.0
2005-07-13,0.91,0.92,0.93,0.9,13405325.0,12365579.0
2005-07-14,0.92,0.89,0.92,0.89,12841190.0,11589406.0
2005-07-15,0.89,0.84,0.9,0.84,22865751.0,19776531.0
2005-07-18,0.85,0.86,0.87,0.85,10529850.0,9068904.0
2005-07-19,0.85,0.86,0.87,0.85,5211214.0,4475920.0
2005-07-20,0.86,0.79,0.87,0.78,16652808.0,13666615.0
2005-07-21,0.79,0.79,0.81,0.78,9775519.0,7728600.0
2005-07-22,0.79,0.82,0.83,0.79,10119695.0,8148963.0
2005-07-25,0.82,0.82,0.83,0.82,5797041.0,4780700.0
2005-07-26,0.82,0.84,0.84,0.82,6288503.0,5243550.0
2005-07-27,0.84,0.85,0.85,0.83,6137017.0,5169771.0
2005-07-28,0.85,0.85,0.86,0.84,7192864.0,6134992.0
2005-07-29,0.85,0.84,0.85,0.84,4821043.0,4053468.0
2005-08-01,0.85,0.84,0.85,0.83,4266713.0,3580313.0
2005-08-02,0.84,0.84,0.84,0.82,3284629.0,2737758.0
2005-08-03,0.84,0.85,0.86,0.84,8565807.0,7295437.0
2005-08-04,0.85,0.83,0.85,0.82,5595047.0,4648820.0
2005-08-05,0.82,0.85,0.85,0.82,10441688.0,8712223.0
2005-08-08,0.85,0.86,0.88,0.85,27057798.0,23420565.0
2005-08-09,0.86,0.89,0.89,0.86,12758774.0,11254198.0
2005-08-10,0.89,0.89,0.9,0.87,10368818.0,9165852.0
2005-08-11,0.89,0.9,0.91,0.88,16342497.0,14615006.0
2005-08-12,0.9,0.87,0.91,0.87,18040677.0,15943892.0
2005-08-15,0.88,0.92,0.92,0.88,21281483.0,19163011.0
2005-08-16,0.91,0.9,0.91,0.89,32960313.0,29719997.0
2005-08-17,0.9,0.95,0.96,0.9,50236487.0,46924029.0
2005-08-18,0.96,0.93,0.97,0.92,41507324.0,39438733.0
2005-08-19,0.93,0.97,0.97,0.93,36749364.0,34755579.0
2005-08-22,0.99,0.98,0.99,0.96,29624838.0,28924309.0
2005-08-23,0.97,0.96,0.97,0.95,19281519.0,18545228.0
2005-08-24,0.96,0.97,0.97,0.95,15422557.0,14786843.0
2005-08-25,0.97,0.95,0.97,0.95,12985276.0,12372309.0
2005-08-26,0.95,0.94,0.96,0.93,12915007.0,12154084.0
2005-08-29,0.94,0.93,0.95,0.92,10011351.0,9355957.0
2005-08-30,0.93,0.92,0.93,0.92,17020026.0,15702094.0
2005-08-31,0.92,0.95,0.95,0.92,20441134.0,19167256.0
2005-09-01,0.95,0.96,0.96,0.94,14920378.0,14213107.0
2005-09-02,0.96,0.96,0.96,0.95,9726924.0,9308336.0
2005-09-05,0.96,0.97,0.97,0.95,12821383.0,12348660.0
2005-09-06,0.97,0.93,0.97,0.93,16266973.0,15460608.0
2005-09-07,0.93,0.95,0.95,0.93,9916253.0,9357549.0
2005-09-08,0.95,0.95,0.96,0.95,9893525.0,9448653.0
2005-09-09,0.95,0.92,0.96,0.91,22527491.0,20896697.0
2005-09-12,0.92,0.92,0.93,0.91,10298085.0,9449512.0
2005-09-13,0.92,0.94,0.94,0.92,10255165.0,9511457.0
2005-09-14,0.94,0.95,0.95,0.94,10204846.0,9609868.0
2005-09-15,0.95,0.94,0.95,0.93,9938258.0,9337089.0
2005-09-16,0.94,0.96,0.97,0.94,20188392.0,19322690.0
2005-09-19,0.96,0.97,0.97,0.96,16096583.0,15513247.0
2005-09-20,0.97,0.95,0.97,0.94,15529024.0,14791264.0
2005-09-21,0.95,0.92,0.95,0.92,15099134.0,14000985.0
2005-09-22,0.92,0.93,0.93,0.91,9706439.0,8932271.0
2005-09-23,0.93,0.91,0.94,0.91,9285022.0,8543396.0
2005-09-26,0.91,0.89,0.91,0.89,7685417.0,6888276.0
2005-09-27,0.89,0.9,0.91,0.89,8944483.0,8026330.0
2005-09-28,0.9,0.89,0.91,0.89,6134031.0,5506400.0
2005-09-29,0.89,0.91,0.91,0.89,7820253.0,7051198.0
2005-09-30,0.91,0.9,0.91,0.9,4954753.0,4472710.0
2005-10-10,0.9,0.91,0.92,0.9,7863601.0,7166567.0
2005-10-11,0.91,0.93,0.93,0.91,10536518.0,9752411.0
2005-10-12,0.93,0.94,0.95,0.92,12951723.0,12180511.0
2005-10-13,0.94,0.93,0.95,0.93,8912611.0,8320135.0
2005-10-14,0.93,0.94,0.95,0.92,10106458.0,9483029.0
2005-10-17,0.94,0.95,0.96,0.93,13116125.0,12350565.0
2005-10-18,0.95,0.96,0.97,0.94,17239100.0,16468145.0
2005-10-19,0.96,0.93,0.96,0.92,11352404.0,10764719.0
2005-10-20,0.93,0.93,0.94,0.91,9337451.0,8629903.0
2005-10-21,0.93,0.9,0.93,0.89,27269078.0,24547514.0
2005-10-24,0.9,0.91,0.92,0.89,11876507.0,10758152.0
2005-10-25,0.91,0.86,0.91,0.86,18423446.0,16270765.0
2005-10-26,0.85,0.83,0.87,0.83,13830639.0,11717559.0
2005-10-27,0.83,0.83,0.84,0.82,7445366.0,6203932.0
2005-10-28,0.83,0.82,0.84,0.81,9078541.0,7550409.0
2005-10-31,0.81,0.82,0.83,0.81,4602666.0,3778198.0
2005-11-01,0.82,0.8,0.83,0.79,6366968.0,5079459.0
2005-11-02,0.79,0.82,0.83,0.79,5993914.0,4856231.0
2005-11-03,0.82,0.8,0.83,0.8,5455626.0,4449252.0
2005-11-04,0.8,0.82,0.82,0.79,5105390.0,4142102.0
2005-11-07,0.82,0.81,0.82,0.8,6343962.0,5143346.0
2005-11-08,0.82,0.83,0.83,0.82,8098861.0,6694099.0
2005-11-09,0.83,0.83,0.83,0.82,5119566.0,4235762.0
2005-11-10,0.82,0.78,0.82,0.78,12694234.0,10053231.0
2005-11-11,0.78,0.76,0.78,0.76,10942428.0,8378380.0
2005-11-14,0.76,0.77,0.77,0.75,7612494.0,5816030.0
2005-11-15,0.77,0.76,0.77,0.75,5941833.0,4544180.0
2005-11-16,0.75,0.74,0.76,0.72,8438381.0,6201844.0
2005-11-17,0.75,0.77,0.78,0.75,9701523.0,7388218.0
2005-11-18,0.77,0.78,0.79,0.76,11724574.0,9134165.0
2005-11-21,0.78,0.78,0.79,0.77,6155178.0,4792723.0
2005-11-22,0.78,0.75,0.78,0.75,6098155.0,4653405.0
2005-11-23,0.75,0.76,0.76,0.74,4392950.0,3299236.0
2005-11-24,0.76,0.76,0.76,0.75,3765687.0,2853857.0
2005-11-25,0.77,0.77,0.77,0.76,2580340.0,1968179.0
2005-11-28,0.77,0.76,0.77,0.76,3037954.0,2307007.0
2005-11-29,0.76,0.74,0.76,0.73,8544249.0,6322598.0
2005-11-30,0.74,0.75,0.75,0.73,9697626.0,7216532.0
2005-12-01,0.75,0.74,0.75,0.74,2179936.0,1620683.0
2005-12-02,0.74,0.73,0.74,0.73,8153042.0,5952738.0
2005-12-05,0.73,0.71,0.73,0.71,4582127.0,3286829.0
2005-12-06,0.71,0.72,0.72,0.7,3806533.0,2724294.0
2005-12-07,0.72,0.73,0.73,0.71,2399090.0,1727678.0
2005-12-08,0.73,0.72,0.75,0.72,3099849.0,2260559.0
2005-12-09,0.73,0.73,0.73,0.72,5015190.0,3645043.0
2005-12-12,0.73,0.73,0.74,0.73,5196734.0,3792318.0
2005-12-13,0.73,0.73,0.73,0.71,4582878.0,3307168.0
2005-12-14,0.73,0.74,0.74,0.72,5854466.0,4279797.0
2005-12-15,0.74,0.74,0.75,0.73,7858122.0,5819760.0
2005-12-16,0.74,0.75,0.75,0.74,7600669.0,5681257.0
2005-12-19,0.76,0.75,0.76,0.75,6998816.0,5257343.0
2005-12-20,0.75,0.75,0.75,0.75,4119427.0,3089658.0
2005-12-21,0.75,0.76,0.77,0.75,16214990.0,12355213.0
2005-12-22,0.76,0.78,0.78,0.76,16408967.0,12758654.0
2005-12-23,0.78,0.78,0.78,0.77,5443167.0,4210062.0
2005-12-26,0.78,0.77,0.79,0.77,7371969.0,5732568.0
2005-12-27,0.77,0.76,0.78,0.76,6100354.0,4686551.0
2005-12-28,0.76,0.77,0.77,0.76,8602184.0,6569883.0
2005-12-29,0.77,0.78,0.78,0.77,7021339.0,5430769.0
2005-12-30,0.78,0.77,0.78,0.76,6236914.0,4795117.0
2006-01-04,0.77,0.77,0.77,0.76,11598015.0,8898201.0
2006-01-05,0.77,0.78,0.78,0.76,16117300.0,12382125.0
2006-01-06,0.78,0.79,0.8,0.77,20790102.0,16319197.0
2006-01-09,0.79,0.8,0.81,0.79,11888913.0,9445813.0
2006-01-10,0.8,0.79,0.8,0.78,12357494.0,9710099.0
2006-01-11,0.79,0.77,0.79,0.77,13051120.0,10179329.0
2006-01-12,0.77,0.79,0.8,0.77,10082014.0,7885987.0
2006-01-13,0.79,0.79,0.8,0.78,9828046.0,7768996.0
2006-01-16,0.8,0.8,0.82,0.8,20649224.0,16700812.0
2006-01-17,0.79,0.79,0.8,0.78,6866492.0,5437521.0
2006-01-18,0.79,0.81,0.81,0.79,8517409.0,6817962.0
2006-01-19,0.81,0.81,0.81,0.8,11244266.0,9041390.0
2006-01-20,0.81,0.81,0.81,0.8,11720954.0,9474958.0
2006-01-23,0.81,0.83,0.83,0.8,15418615.0,12642358.0
2006-01-24,0.83,0.82,0.83,0.82,10810104.0,8919033.0
2006-01-25,0.82,0.82,0.83,0.81,10268947.0,8375212.0
2006-02-06,0.82,0.83,0.83,0.82,10532880.0,8714374.0
2006-02-07,0.83,0.82,0.84,0.82,12570437.0,10355266.0
2006-02-08,0.82,0.83,0.84,0.82,7191658.0,5949259.0
2006-02-09,0.83,0.83,0.85,0.82,14269779.0,11939413.0
2006-02-10,0.83,0.83,0.84,0.83,7795271.0,6479904.0
2006-02-13,0.83,0.85,0.85,0.83,14123887.0,11939386.0
2006-02-14,0.85,0.85,0.86,0.84,8633368.0,7352497.0
2006-02-15,0.85,0.85,0.85,0.84,7662938.0,6494367.0
2006-02-16,0.85,0.81,0.85,0.8,14122511.0,11578638.0
2006-02-17,0.8,0.78,0.81,0.78,18877218.0,14870473.0
2006-02-20,0.77,0.77,0.78,0.76,14792845.0,11394334.0
2006-02-21,0.77,0.78,0.78,0.76,7141463.0,5497592.0
2006-02-22,0.78,0.79,0.8,0.78,11444749.0,9102514.0
2006-02-23,0.79,0.79,0.8,0.78,5803199.0,4567961.0
2006-02-24,0.79,0.79,0.79,0.78,6022309.0,4748700.0
2006-02-27,0.79,0.81,0.81,0.78,9784233.0,7773565.0
2006-02-28,0.8,0.82,0.82,0.79,15313007.0,12439254.0
2006-03-01,0.82,0.82,0.82,0.81,10879175.0,8882712.0
2006-03-02,0.82,0.8,0.82,0.79,10156036.0,8150464.0
2006-03-03,0.79,0.8,0.8,0.78,11908960.0,9406444.0
2006-03-06,0.8,0.8,0.8,0.78,4291122.0,3400623.0
2006-03-07,0.8,0.76,0.8,0.76,7328093.0,5686973.0
2006-03-08,0.76,0.77,0.77,0.75,5925566.0,4499075.0
2006-03-09,0.77,0.76,0.77,0.76,3411563.0,2601583.0
2006-03-10,0.76,0.76,0.77,0.76,2894816.0,2199785.0
2006-03-13,0.76,0.76,0.77,0.76,4574816.0,3485768.0
2006-03-14,0.76,0.77,0.78,0.76,4697961.0,3623084.0
2006-03-15,0.77,0.78,0.78,0.77,3726611.0,2884716.0
2006-03-16,0.78,0.77,0.78,0.77,3982768.0,3080256.0
2006-03-17,0.77,0.76,0.77,0.76,7661714.0,5819945.0
2006-03-20,0.75,0.77,0.77,0.75,4923640.0,3762091.0
2006-03-21,0.77,0.78,0.79,0.77,8353624.0,6523416.0
2006-03-22,0.78,0.79,0.79,0.78,5636894.0,4425654.0
2006-03-23,0.78,0.79,0.8,0.78,6840984.0,5409345.0
2006-03-24,0.79,0.8,0.82,0.79,14563135.0,11733111.0
2006-03-27,0.8,0.81,0.81,0.79,8491561.0,6776773.0
2006-03-28,0.81,0.8,0.81,0.8,5312175.0,4275256.0
2006-03-29,0.8,0.81,0.81,0.8,8011477.0,6471855.0
2006-03-30,0.8,0.79,0.8,0.79,7081410.0,5630535.0
2006-03-31,0.79,0.8,0.8,0.79,6878969.0,5457507.0
2006-04-03,0.8,0.8,0.8,0.8,0.0,0.0
2006-04-04,0.81,0.83,0.83,0.81,20511028.0,16902274.0
2006-04-05,0.83,0.84,0.85,0.82,16148261.0,13432904.0
2006-04-06,0.84,0.87,0.91,0.83,34227754.0,29971860.0
2006-04-07,0.87,0.88,0.91,0.87,25621102.0,22711919.0
2006-04-10,0.88,0.88,0.88,0.88,0.0,0.0
2006-04-11,0.88,0.88,0.88,0.88,0.0,0.0
2006-04-12,0.88,0.88,0.88,0.88,0.0,0.0
2006-04-13,0.88,0.88,0.88,0.88,0.0,0.0
2006-04-14,0.88,0.88,0.88,0.88,0.0,0.0
2006-04-17,0.88,0.88,0.88,0.88,0.0,0.0
2006-04-18,0.88,0.88,0.88,0.88,0.0,0.0
2006-04-19,0.88,0.88,0.88,0.88,0.0,0.0
2006-04-20,0.88,0.88,0.88,0.88,0.0,0.0
2006-04-21,0.88,0.88,0.88,0.88,0.0,0.0
2006-04-24,0.88,0.88,0.88,0.88,0.0,0.0
2006-04-25,0.88,0.88,0.88,0.88,0.0,0.0
2006-04-26,0.88,0.88,0.88,0.88,0.0,0.0
2006-04-27,0.88,0.88,0.88,0.88,0.0,0.0
2006-04-28,0.88,0.88,0.88,0.88,0.0,0.0
2006-05-08,0.88,0.88,0.88,0.88,0.0,0.0
2006-05-09,0.88,0.88,0.88,0.88,0.0,0.0
2006-05-10,0.96,0.96,0.96,0.96,2855155.0,2750670.0
2006-05-11,0.99,0.99,1.04,0.98,60618820.0,60922312.0
2006-05-12,0.98,1.01,1.01,0.96,39202394.0,38648712.0
2006-05-15,1.03,1.04,1.05,1.0,43352362.0,44412981.0
2006-05-16,1.04,1.08,1.1,1.0,64175335.0,67939158.0
2006-05-17,1.08,1.08,1.08,1.08,0.0,0.0
2006-05-18,1.08,1.08,1.08,1.08,0.0,0.0
2006-05-19,1.08,1.08,1.08,1.08,0.0,0.0
2006-05-22,1.08,1.08,1.08,1.08,0.0,0.0
2006-05-23,1.08,1.08,1.08,1.08,0.0,0.0
2006-05-24,1.08,1.08,1.08,1.08,0.0,0.0
2006-05-25,1.08,1.08,1.08,1.08,0.0,0.0
2006-05-26,1.08,1.08,1.08,1.08,0.0,0.0
2006-05-29,1.08,1.08,1.08,1.08,0.0,0.0
2006-05-30,1.08,1.08,1.08,1.08,0.0,0.0
2006-05-31,1.08,1.08,1.08,1.08,0.0,0.0
2006-06-01,1.08,1.08,1.08,1.08,0.0,0.0
2006-06-02,1.08,1.08,1.08,1.08,0.0,0.0
2006-06-05,1.08,1.08,1.08,1.08,0.0,0.0
2006-06-06,1.18,1.09,1.19,1.09,76350892.0,85723369.0
2006-06-07,1.09,1.03,1.12,1.02,39663541.0,42503591.0
2006-06-08,1.02,1.01,1.03,0.96,27167007.0,27103243.0
2006-06-09,1.01,1.04,1.05,0.99,28033474.0,28838838.0
2006-06-12,1.07,1.08,1.12,1.06,38830031.0,42449275.0
2006-06-13,1.08,1.07,1.1,1.05,16652562.0,17900525.0
2006-06-14,1.06,1.03,1.06,1.02,17203212.0,17893306.0
2006-06-15,1.03,1.05,1.07,1.02,15807699.0,16683151.0
2006-06-16,1.07,1.1,1.1,1.05,28997146.0,31567341.0
2006-06-19,1.09,1.12,1.12,1.07,27470044.0,30536839.0
2006-06-20,1.12,1.14,1.17,1.11,31335589.0,35873700.0
2006-06-21,1.14,1.14,1.16,1.13,20927616.0,23938777.0
2006-06-22,1.13,1.16,1.18,1.13,24514521.0,28415036.0
2006-06-23,1.16,1.26,1.27,1.14,46227186.0,55795366.0
2006-06-26,1.26,1.27,1.3,1.24,29949078.0,38072131.0
2006-06-27,1.27,1.31,1.35,1.27,37725565.0,49571501.0
2006-06-28,1.31,1.28,1.31,1.27,17991781.0,23184719.0
2006-06-29,1.28,1.28,1.34,1.28,21022410.0,27360889.0
2006-06-30,1.3,1.25,1.3,1.24,25535030.0,32225093.0
2006-07-03,1.24,1.3,1.31,1.24,19586943.0,25156167.0
2006-07-04,1.3,1.3,1.35,1.29,20440610.0,26811790.0
2006-07-05,1.3,1.35,1.35,1.28,23279620.0,30710967.0
2006-07-06,1.34,1.35,1.37,1.32,15705942.0,21203202.0
2006-07-07,1.35,1.35,1.39,1.34,15538223.0,21237626.0
2006-07-10,1.33,1.34,1.35,1.3,16284127.0,21610284.0
2006-07-11,1.34,1.39,1.41,1.34,35070463.0,48726821.0
2006-07-12,1.38,1.37,1.41,1.36,20935286.0,28912207.0
2006-07-13,1.36,1.27,1.37,1.27,32711624.0,42893800.0
2006-07-14,1.26,1.27,1.31,1.25,14893037.0,19036566.0
2006-07-17,1.26,1.28,1.29,1.26,11415058.0,14561271.0
2006-07-18,1.28,1.28,1.29,1.26,7391054.0,9387501.0
2006-07-19,1.28,1.24,1.29,1.24,9111901.0,11479142.0
2006-07-20,1.23,1.25,1.27,1.23,6593449.0,8234514.0
2006-07-21,1.25,1.29,1.29,1.25,7458048.0,9539720.0
2006-07-24,1.3,1.38,1.39,1.28,30288931.0,40880127.0
2006-07-25,1.38,1.46,1.49,1.36,45741519.0,65849595.0
2006-07-26,1.46,1.46,1.49,1.44,29341177.0,43051154.0
2006-07-27,1.47,1.45,1.5,1.41,38932278.0,56108041.0
2006-07-28,1.45,1.47,1.48,1.42,18840781.0,27224672.0
2006-07-31,1.47,1.44,1.52,1.42,24394067.0,36081018.0
2006-08-01,1.45,1.46,1.49,1.42,19491144.0,28332403.0
2006-08-02,1.47,1.37,1.48,1.36,22232703.0,31566062.0
2006-08-03,1.4,1.45,1.45,1.37,45262088.0,63939870.0
2006-08-04,1.46,1.46,1.52,1.44,47627958.0,70830242.0
2006-08-07,1.44,1.46,1.52,1.42,44980084.0,66232359.0
2006-08-08,1.5,1.48,1.51,1.46,39147268.0,58079146.0
2006-08-09,1.49,1.62,1.63,1.47,70977248.0,111816573.0
2006-08-10,1.6,1.61,1.62,1.58,33860679.0,54026154.0
2006-08-11,1.61,1.6,1.66,1.59,24693401.0,40102351.0
2006-08-14,1.6,1.58,1.63,1.56,22833152.0,36338058.0
2006-08-15,1.58,1.58,1.6,1.53,22473808.0,35282969.0
2006-08-16,1.58,1.64,1.65,1.56,30773254.0,49955481.0
2006-08-17,1.63,1.6,1.63,1.58,18565917.0,29713194.0
2006-08-18,1.6,1.61,1.66,1.6,18985122.0,30937224.0
2006-08-21,1.55,1.64,1.64,1.54,17746070.0,28427228.0
2006-08-22,1.64,1.64,1.65,1.61,16012104.0,26137817.0
2006-08-23,1.63,1.57,1.65,1.56,33783324.0,53924327.0
2006-08-24,1.57,1.56,1.58,1.54,28422670.0,44163639.0
2006-08-25,1.58,1.57,1.59,1.55,14156964.0,22234754.0
2006-08-28,1.57,1.62,1.65,1.57,28035960.0,45378444.0
2006-08-29,1.62,1.63,1.65,1.61,25746086.0,41948759.0
2006-08-30,1.64,1.63,1.64,1.61,13762204.0,22394713.0
2006-08-31,1.63,1.7,1.74,1.62,34662978.0,59020615.0
2006-09-01,1.72,1.71,1.74,1.67,25445875.0,43492493.0
2006-09-04,1.74,1.81,1.82,1.74,39923900.0,71032471.0
2006-09-05,1.8,1.8,1.84,1.77,24319620.0,43721685.0
2006-09-06,1.8,1.8,1.8,1.8,0.0,0.0
2006-09-07,1.84,1.85,1.93,1.81,48793820.0,91671906.0
2006-09-08,1.84,1.84,1.86,1.8,19719850.0,35940447.0
2006-09-11,1.9,1.85,1.91,1.83,22655196.0,42259027.0
2006-09-12,1.85,1.91,1.93,1.85,30979167.0,58810866.0
2006-09-13,1.91,1.81,1.91,1.8,38655811.0,71099178.0
2006-09-14,1.82,1.77,1.83,1.72,48540744.0,85432731.0
2006-09-15,1.77,1.85,1.91,1.77,25684452.0,47718776.0
2006-09-18,1.82,1.87,1.89,1.79,26637625.0,48905530.0
2006-09-19,1.87,1.99,2.06,1.85,65364269.0,129612057.0
2006-09-20,1.98,2.13,2.17,1.95,74021762.0,154580392.0
2006-09-21,2.12,2.32,2.35,2.1,119981127.0,273960443.0
2006-09-22,2.21,2.22,2.34,2.14,74035490.0,166355555.0
2006-09-25,2.2,2.18,2.28,2.17,45486038.0,100264567.0
2006-09-26,2.17,2.27,2.29,2.03,61626035.0,131012334.0
2006-09-27,2.23,2.21,2.28,2.18,52081779.0,116301080.0
2006-09-28,2.26,2.15,2.32,2.14,71672689.0,157741317.0
2006-09-29,2.18,2.15,2.21,2.12,56575097.0,121826615.0
2006-10-09,2.16,2.15,2.18,2.09,32671038.0,69515214.0
2006-10-10,2.15,2.19,2.2,2.11,38184928.0,82465375.0
2006-10-11,2.18,2.13,2.18,2.11,30478114.0,64887254.0
2006-10-12,2.12,2.08,2.12,2.06,37359533.0,78042733.0
2006-10-13,2.07,2.12,2.12,2.05,24583836.0,51767763.0
2006-10-16,2.12,2.17,2.18,2.09,46999722.0,100741597.0
2006-10-17,2.16,2.1,2.16,2.09,30042367.0,63585625.0
2006-10-18,2.12,2.14,2.15,2.09,21567437.0,45665205.0
2006-10-19,2.15,2.29,2.35,2.15,118557325.0,267972282.0
2006-10-20,2.27,2.24,2.29,2.22,41555110.0,93514378.0
2006-10-23,2.24,2.15,2.27,2.12,36664200.0,80484303.0
2006-10-24,2.15,2.18,2.19,2.12,25308163.0,54618428.0
2006-10-25,2.18,2.13,2.18,2.09,27714746.0,59143703.0
2006-10-26,2.13,2.1,2.13,2.08,24640660.0,51546832.0
2006-10-27,2.1,1.98,2.1,1.95,40313484.0,81334813.0
2006-10-30,1.97,1.99,2.0,1.92,17404258.0,33937378.0
2006-10-31,1.98,1.99,2.0,1.94,13749724.0,27143106.0
2006-11-01,1.97,2.01,2.02,1.97,16522597.0,33013198.0
2006-11-02,2.02,1.97,2.02,1.96,17538191.0,34598568.0
2006-11-03,1.97,1.98,2.0,1.94,17146565.0,33734873.0
2006-11-06,1.96,1.94,1.97,1.93,19921137.0,38782128.0
2006-11-07,1.93,1.9,1.93,1.88,19760672.0,37506512.0
2006-11-08,1.88,1.98,2.02,1.87,28919177.0,56732355.0
2006-11-09,1.98,1.98,2.0,1.95,14433083.0,28485415.0
2006-11-10,1.98,1.9,1.99,1.88,17457664.0,33593152.0
2006-11-13,1.9,1.82,1.92,1.82,15838661.0,29315429.0
2006-11-14,1.82,1.83,1.85,1.78,12327570.0,22325014.0
2006-11-15,1.83,1.89,1.9,1.81,13619928.0,25254160.0
2006-11-16,1.89,1.85,1.9,1.83,13150498.0,24464434.0
2006-11-17,1.85,1.91,1.94,1.85,21465244.0,41027984.0
2006-11-20,1.89,1.87,1.9,1.84,14826686.0,27702208.0
2006-11-21,1.87,1.88,1.9,1.82,15353484.0,28674203.0
2006-11-22,1.87,1.9,1.92,1.85,17769266.0,33586110.0
2006-11-23,1.88,1.9,1.91,1.87,13172909.0,24925118.0
2006-11-24,1.9,1.95,1.96,1.88,23057423.0,44315792.0
2006-11-27,1.95,2.02,2.02,1.94,37445860.0,74984532.0
2006-11-28,2.04,2.08,2.14,2.02,42930132.0,89623577.0
2006-11-29,2.06,2.06,2.08,1.97,25277776.0,51636872.0
2006-11-30,2.06,2.08,2.12,2.05,32282019.0,67414899.0
2006-12-01,2.08,2.09,2.13,2.07,31383723.0,65909474.0
2006-12-04,2.1,2.2,2.21,2.09,51332062.0,110108883.0
2006-12-05,2.22,2.17,2.24,2.17,38507380.0,84155880.0
2006-12-06,2.17,2.07,2.18,2.02,44001748.0,91958458.0
2006-12-07,2.06,2.03,2.11,2.03,24691354.0,50955031.0
2006-12-08,2.02,1.98,2.07,1.96,24585851.0,49507886.0
2006-12-11,1.96,2.05,2.05,1.96,20579114.0,41666670.0
2006-12-12,2.1,2.12,2.16,2.08,47859639.0,101667361.0
2006-12-13,2.12,2.19,2.21,2.09,52794980.0,114375981.0
2006-12-14,2.2,2.16,2.21,2.15,29493851.0,63791076.0
2006-12-15,2.16,2.17,2.2,2.15,26236937.0,56807390.0
2006-12-18,2.19,2.16,2.21,2.14,35756518.0,77388153.0
2006-12-19,2.17,2.32,2.35,2.1,91619886.0,205609078.0
2006-12-20,2.29,2.45,2.49,2.24,97052675.0,235035473.0
2006-12-21,2.47,2.39,2.55,2.35,68258303.0,167981953.0
2006-12-22,2.35,2.35,2.42,2.32,34067091.0,80456411.0
2006-12-25,2.38,2.52,2.54,2.35,60330231.0,148424756.0
2006-12-26,2.52,2.58,2.62,2.49,66548861.0,170940027.0
2006-12-27,2.55,2.55,2.6,2.52,33257688.0,84957105.0
2006-12-28,2.55,2.41,2.56,2.35,45058854.0,110871625.0
2006-12-29,2.4,2.4,2.45,2.38,30011321.0,72376078.0
2007-01-04,2.42,2.45,2.51,2.35,45633087.0,109674243.0
2007-01-05,2.45,2.6,2.61,2.45,59998512.0,151858155.0
2007-01-08,2.61,2.68,2.7,2.57,45411829.0,120582322.0
2007-01-09,2.67,2.7,2.79,2.65,43878999.0,119505168.0
2007-01-10,2.7,2.74,2.74,2.65,33089111.0,88912330.0
2007-01-11,2.75,2.72,2.83,2.68,42461354.0,116950765.0
2007-01-12,2.7,2.6,2.8,2.59,37541678.0,101058429.0
2007-01-15,2.58,2.72,2.74,2.57,32996572.0,88288010.0
2007-01-16,2.74,2.81,2.83,2.72,39265988.0,109183897.0
2007-01-17,2.82,2.77,2.88,2.71,46842128.0,131561864.0
2007-01-18,2.74,2.8,2.83,2.69,31048582.0,85519566.0
2007-01-19,2.81,2.99,3.02,2.81,61415029.0,180646310.0
2007-01-22,3.04,3.18,3.2,3.0,52324249.0,161214270.0
2007-01-23,3.15,3.13,3.18,2.99,43853031.0,135697674.0
2007-01-24,3.11,3.19,3.29,3.06,33184678.0,106055138.0
2007-01-25,3.15,2.88,3.15,2.87,45581550.0,136798197.0
2007-01-26,2.86,2.83,2.93,2.65,38950508.0,108267742.0
2007-01-29,2.83,2.96,2.97,2.82,36562757.0,105397493.0
2007-01-30,3.05,3.0,3.1,2.97,50696308.0,154274177.0
2007-01-31,2.98,2.7,3.0,2.7,41892725.0,118852398.0
2007-02-01,2.67,2.65,2.72,2.51,36587717.0,96004289.0
2007-02-02,2.68,2.66,2.72,2.56,31891307.0,84500463.0
2007-02-05,2.61,2.74,2.77,2.6,22411424.0,60744036.0
2007-02-06,2.74,2.82,2.83,2.74,22067230.0,61249663.0
2007-02-07,2.82,2.8,2.85,2.77,28450623.0,79949932.0
2007-02-08,2.85,2.94,2.94,2.8,48343579.0,138358800.0
2007-02-09,2.97,2.86,2.97,2.81,32014328.0,91752353.0
2007-02-12,2.85,2.88,2.88,2.81,38197875.0,108625128.0
2007-02-13,2.91,2.88,2.91,2.83,23972655.0,68780823.0
2007-02-14,2.88,2.98,3.0,2.86,41519878.0,121668568.0
2007-02-15,3.03,3.05,3.06,3.0,49189268.0,149108605.0
2007-02-16,3.06,3.05,3.1,2.98,39696199.0,121034976.0
2007-02-26,3.05,3.14,3.16,2.99,40871755.0,125679262.0
2007-02-27,3.15,2.83,3.15,2.83,51203788.0,153581212.0
2007-02-28,2.81,2.97,3.0,2.8,31298857.0,90929267.0
2007-03-01,3.0,2.96,3.0,2.84,26880798.0,78517819.0
2007-03-02,2.97,3.04,3.08,2.97,52576475.0,159691835.0
2007-03-05,3.06,2.96,3.07,2.88,32285828.0,96237150.0
2007-03-06,2.91,2.92,2.97,2.87,17628296.0,51266751.0
2007-03-07,2.92,2.95,2.96,2.91,18508371.0,54315537.0
2007-03-08,2.96,2.96,2.97,2.88,37370978.0,108916003.0
2007-03-09,2.95,2.94,2.99,2.92,24741783.0,73050812.0
2007-03-12,2.94,2.89,2.96,2.82,28279312.0,81697009.0
2007-03-13,2.93,2.87,2.93,2.8,32686398.0,93577962.0
2007-03-14,2.85,2.78,2.85,2.76,41509174.0,115533762.0
2007-03-15,2.78,2.88,2.88,2.77,40654911.0,114740460.0
2007-03-16,2.88,2.79,2.89,2.76,28746781.0,81177330.0
2007-03-19,2.67,2.76,2.78,2.66,25593714.0,70046750.0
2007-03-20,2.77,2.8,2.82,2.72,46219879.0,128415455.0
2007-03-21,2.8,2.94,2.94,2.79,64195914.0,183809125.0
2007-03-22,2.95,2.89,2.99,2.88,61282806.0,179346851.0
2007-03-23,2.88,2.85,2.88,2.79,36335247.0,103160610.0
2007-03-26,2.85,3.0,3.02,2.84,70165318.0,205138221.0
2007-03-27,3.05,3.09,3.12,3.0,104354186.0,319407583.0
2007-03-28,3.1,3.02,3.1,2.91,64067144.0,193579174.0
2007-03-29,3.02,2.92,3.05,2.91,42733656.0,127052913.0
2007-03-30,2.89,2.92,2.95,2.86,20593009.0,60318524.0
2007-04-02,2.91,2.98,2.98,2.91,23702643.0,69874574.0
2007-04-03,2.99,2.98,3.0,2.94,29466438.0,87201917.0
2007-04-04,2.99,3.05,3.08,2.96,54940826.0,166029667.0
2007-04-05,3.05,3.07,3.1,3.0,48853053.0,149682104.0
2007-04-06,3.07,3.36,3.38,3.03,149215134.0,485073053.0
2007-04-09,3.38,3.33,3.41,3.31,95101830.0,318259983.0
2007-04-10,3.35,3.35,3.38,3.21,59927178.0,197590584.0
2007-04-11,3.35,3.32,3.35,3.26,47482670.0,156678875.0
2007-04-12,3.32,3.38,3.41,3.3,62135053.0,208956579.0
2007-04-13,3.38,3.38,3.38,3.38,0.0,0.0
2007-04-16,3.35,3.44,3.47,3.24,68559986.0,230082501.0
2007-04-17,3.45,3.38,3.46,3.3,52302623.0,176549288.0
2007-04-18,3.38,3.43,3.44,3.31,76513089.0,258124112.0
2007-04-19,3.42,3.14,3.42,3.09,61473783.0,200023302.0
2007-04-20,3.14,3.21,3.28,3.14,51159853.0,163974584.0
2007-04-23,3.21,3.3,3.34,3.2,62525703.0,204396091.0
2007-04-24,3.34,3.29,3.37,3.28,61871158.0,205401385.0
2007-04-25,3.3,3.21,3.3,3.13,45925397.0,147317595.0
2007-04-26,3.21,3.25,3.29,3.19,38463058.0,124896889.0
2007-04-27,3.25,3.18,3.29,3.17,38857517.0,125385451.0
2007-04-30,3.13,3.14,3.18,3.09,45453157.0,142217456.0
2007-05-08,3.18,3.32,3.33,3.18,64231139.0,211502239.0
2007-05-09,3.32,3.32,3.37,3.19,56606109.0,187113741.0
2007-05-10,3.35,3.42,3.47,3.33,77573630.0,264763257.0
2007-05-11,3.38,3.33,3.38,3.26,37080839.0,123251117.0
2007-05-14,3.28,3.28,3.31,3.22,34328348.0,112565347.0
2007-05-15,3.3,3.11,3.32,3.1,38269313.0,123035429.0
2007-05-16,3.11,3.21,3.23,3.1,25522480.0,81021589.0
2007-05-17,3.25,3.32,3.34,3.22,44407253.0,145890827.0
2007-05-18,3.33,3.27,3.33,3.25,37395968.0,122903721.0
2007-05-21,3.15,3.59,3.59,3.12,135479389.0,470847504.0
2007-05-22,3.75,3.76,3.87,3.61,175613559.0,655195070.0
2007-05-23,3.71,3.83,3.89,3.71,87474628.0,332984389.0
2007-05-24,3.83,3.75,3.87,3.63,74175234.0,276782108.0
2007-05-25,3.72,3.77,3.83,3.61,55881208.0,210596569.0
2007-05-28,3.84,3.97,4.05,3.84,78481220.0,310715030.0
2007-05-29,3.98,3.99,4.03,3.88,62326824.0,246561932.0
2007-05-30,3.59,3.59,3.84,3.59,68206526.0,251950075.0
2007-05-31,3.45,3.44,3.58,3.23,58469573.0,199702098.0
2007-06-01,3.49,3.79,3.79,3.49,120714593.0,450975797.0
2007-06-04,3.89,3.46,3.98,3.45,102474549.0,387295534.0
2007-06-05,3.4,3.81,3.81,3.23,75328989.0,270719009.0
2007-06-06,3.9,4.19,4.19,3.78,126425297.0,514305182.0
2007-06-07,4.22,4.17,4.43,4.12,133276603.0,570008483.0
2007-06-08,4.18,4.46,4.58,4.11,98115844.0,429341891.0
2007-06-11,4.43,4.48,4.67,4.4,74415877.0,335407853.0
2007-06-12,4.5,4.68,4.77,4.17,78702583.0,356401382.0
2007-06-13,4.73,4.48,4.76,4.43,76451346.0,355242151.0
2007-06-14,4.58,4.61,4.82,4.48,72251118.0,337828630.0
2007-06-15,4.58,4.47,4.64,4.45,45268203.0,204128084.0
2007-06-18,4.55,4.62,4.76,4.5,53559291.0,248353529.0
2007-06-19,4.58,4.59,4.69,4.49,36897832.0,169145214.0
2007-06-20,4.59,4.6,4.87,4.56,53770147.0,253950823.0
2007-06-21,4.6,4.5,4.69,4.43,41760329.0,188438832.0
2007-06-22,4.49,4.18,4.51,4.05,50696285.0,216620939.0
2007-06-25,4.19,3.77,4.29,3.76,40939728.0,162423533.0
2007-06-26,3.7,3.98,3.98,3.7,35314754.0,137113228.0
2007-06-27,4.01,4.0,4.04,3.83,31274344.0,123050173.0
2007-06-28,3.97,3.76,4.05,3.75,32415355.0,127279856.0
2007-06-29,3.76,3.74,3.89,3.66,29182437.0,110708735.0
2007-07-02,3.77,3.96,3.97,3.74,27046339.0,104480646.0
2007-07-03,3.99,3.96,4.0,3.88,21401616.0,84285036.0
2007-07-04,3.97,3.82,4.0,3.8,16795816.0,65585872.0
2007-07-05,3.75,3.43,3.81,3.43,29358932.0,104874859.0
2007-07-06,3.42,3.7,3.71,3.31,31469141.0,110866788.0
2007-07-09,3.72,3.73,3.81,3.55,26290676.0,97778596.0
2007-07-10,3.67,3.89,3.91,3.61,30025552.0,113047554.0
2007-07-11,4.02,3.97,4.18,3.95,65293284.0,264219162.0
2007-07-12,3.84,3.89,4.01,3.83,20787942.0,81169285.0
2007-07-13,3.95,3.89,3.97,3.84,10653343.0,41495798.0
2007-07-16,3.89,3.68,3.92,3.68,15118855.0,56757913.0
2007-07-17,3.65,3.7,3.76,3.55,13271904.0,48477757.0
2007-07-18,3.67,3.66,3.71,3.6,11263522.0,41238313.0
2007-07-19,3.63,3.61,3.67,3.6,14447080.0,52314475.0
2007-07-20,3.58,3.75,3.8,3.58,14199248.0,52813174.0
2007-07-23,3.74,3.97,4.01,3.74,29877342.0,117433340.0
2007-07-24,3.99,4.03,4.19,3.99,34303774.0,140261500.0
2007-07-25,4.02,4.34,4.42,4.01,45771599.0,192867893.0
2007-07-26,4.33,4.37,4.41,4.21,32245940.0,139087929.0
2007-07-27,4.39,4.41,4.5,4.29,34528764.0,152669213.0
2007-07-30,4.4,4.47,4.56,4.35,34713882.0,155659811.0
2007-07-31,4.46,4.86,4.92,4.46,76132899.0,364301132.0
2007-08-01,4.85,4.62,4.98,4.54,59675157.0,284923002.0
2007-08-02,4.63,5.08,5.08,4.63,89278866.0,448937533.0
2007-08-03,5.2,5.44,5.58,5.2,69458434.0,374018759.0
2007-08-06,5.45,5.47,5.58,5.26,44475994.0,242143252.0
2007-08-07,5.47,5.91,5.99,5.43,55208110.0,320121171.0
2007-08-08,5.85,5.89,5.93,5.56,38943809.0,224873387.0
2007-08-09,6.48,6.0,6.48,5.97,95371705.0,591990610.0
2007-08-10,6.06,5.86,6.24,5.67,51223758.0,305419773.0
2007-08-13,5.92,5.75,6.05,5.64,28499264.0,165236495.0
2007-08-14,5.76,5.96,6.03,5.65,42711317.0,250881394.0
2007-08-15,5.98,5.85,5.98,5.78,21300249.0,124895208.0
2007-08-16,5.88,5.96,6.12,5.83,40476504.0,241897662.0
2007-08-17,5.97,5.87,6.06,5.85,21442773.0,127179068.0
2007-08-20,6.07,6.46,6.46,6.04,51473504.0,327849136.0
2007-08-21,6.67,6.96,7.06,6.56,44073721.0,300811607.0
2007-08-22,6.8,6.88,7.06,6.77,34520323.0,237558422.0
2007-08-23,6.89,6.88,6.95,6.7,23019612.0,156047826.0
2007-08-24,6.9,6.97,7.09,6.8,24591289.0,170616066.0
2007-08-27,6.98,6.66,7.04,6.59,40300334.0,270794255.0
2007-08-28,6.65,7.02,7.15,6.46,39545222.0,263768119.0
2007-08-29,6.94,6.79,7.2,6.74,28597353.0,197641555.0
2007-08-30,6.79,6.79,6.79,6.79,0.0,0.0
2007-08-31,7.02,6.99,7.15,6.83,32903257.0,229735457.0
2007-09-03,6.98,7.01,7.15,6.89,26223809.0,184007254.0
2007-09-04,7.04,7.38,7.67,6.96,43413688.0,318480539.0
2007-09-05,7.54,7.21,7.62,7.15,33802208.0,245544256.0
2007-09-06,7.27,7.21,7.38,7.15,26813304.0,194352821.0
2007-09-07,7.17,7.15,7.18,6.9,32344184.0,226591875.0
2007-09-10,7.04,7.03,7.16,6.91,23929077.0,168638382.0
2007-09-11,7.11,6.67,7.34,6.63,24694260.0,176080079.0
2007-09-12,6.68,6.8,6.82,6.17,30397206.0,197010049.0
2007-09-13,6.8,6.62,6.83,6.54,22073424.0,146055002.0
2007-09-14,6.68,6.52,6.71,6.36,21242072.0,137933383.0
2007-09-17,6.52,7.08,7.14,6.39,38346627.0,257837026.0
2007-09-18,7.11,7.2,7.25,6.88,45469012.0,322651630.0
2007-09-19,7.2,7.02,7.22,6.92,24141866.0,170277427.0
2007-09-20,7.1,7.04,7.12,7.0,18216664.0,128370684.0
2007-09-21,7.04,6.85,7.1,6.62,20943479.0,142056725.0
2007-09-24,6.83,6.63,6.83,6.58,17269744.0,114780792.0
2007-09-25,6.63,6.63,6.77,6.49,13343560.0,88186691.0
2007-09-26,6.68,6.54,6.7,6.48,9520014.0,62443128.0
2007-09-27,6.54,6.49,6.57,6.44,10011653.0,64822310.0
2007-09-28,6.54,6.67,6.82,6.54,14798542.0,99296276.0
2007-10-08,6.77,6.61,6.8,6.54,15219798.0,100764447.0
2007-10-09,6.66,7.28,7.28,6.66,64585474.0,457248748.0
2007-10-10,7.34,7.16,7.38,7.1,55530453.0,399037023.0
2007-10-11,7.16,6.9,7.27,6.77,33366694.0,232058194.0
2007-10-12,6.85,6.93,7.1,6.21,40506008.0,265582236.0
2007-10-15,6.87,6.67,6.87,6.54,20161758.0,134582103.0
2007-10-16,6.67,6.57,6.7,6.42,16720630.0,108907572.0
2007-10-17,6.59,6.49,6.7,6.45,19447519.0,127262839.0
2007-10-18,6.54,6.53,6.72,6.49,17557028.0,116073380.0
2007-10-19,6.57,6.54,6.63,6.39,12095111.0,78635588.0
2007-10-22,6.54,6.51,6.81,6.49,11976632.0,79355312.0
2007-10-23,6.57,6.48,6.63,6.32,10621045.0,68815208.0
2007-10-24,6.51,6.26,6.54,6.23,15309614.0,97100169.0
2007-10-25,6.24,5.63,6.24,5.63,22352540.0,128780496.0
2007-10-26,5.58,5.24,5.58,5.17,18476801.0,98134955.0
2007-10-29,5.38,5.68,5.76,5.27,19422642.0,107198450.0
2007-10-30,5.74,5.83,5.92,5.73,14705772.0,85495925.0
2007-10-31,5.86,5.99,6.06,5.75,13990059.0,82558642.0
2007-11-01,5.97,5.71,5.98,5.69,10746854.0,62316770.0
2007-11-02,5.59,5.54,5.67,5.45,9267291.0,51522792.0
2007-11-05,5.58,5.6,5.73,5.45,6576727.0,36762353.0
2007-11-06,5.6,5.69,5.78,5.6,6765822.0,38652433.0
2007-11-07,5.71,5.59,5.76,5.49,4958803.0,27840942.0
2007-11-08,5.57,5.34,5.57,5.28,7454984.0,40424791.0
2007-11-09,5.31,5.34,5.4,5.21,5984205.0,31867900.0
2007-11-12,5.26,5.26,5.35,5.21,6767105.0,35606202.0
2007-11-13,5.35,5.55,5.55,5.3,9294756.0,50417891.0
2007-11-14,5.58,5.7,5.73,5.45,12527269.0,70124190.0
2007-11-15,5.73,5.6,5.84,5.59,15108657.0,86595805.0
2007-11-16,5.6,5.56,5.6,5.47,6723296.0,37128928.0
2007-11-19,5.6,5.72,5.77,5.53,7388700.0,42188185.0
2007-11-20,5.73,5.82,5.89,5.69,10731645.0,62515459.0
2007-11-21,5.8,5.83,5.91,5.74,13337320.0,77698628.0
2007-11-22,5.78,5.46,5.81,5.42,7951052.0,44763628.0
2007-11-23,5.4,5.57,5.57,5.35,3697660.0,20228843.0
2007-11-26,5.66,5.55,5.79,5.53,5726156.0,32511711.0
2007-11-27,5.55,5.54,5.63,5.47,3818404.0,21214839.0
2007-11-28,5.45,5.36,5.54,5.33,6643410.0,36056941.0
2007-11-29,5.31,5.49,5.54,5.31,5290690.0,28879840.0
2007-11-30,5.47,5.58,5.67,5.35,7673910.0,42188650.0
2007-12-03,5.58,5.52,5.58,5.46,6853939.0,37885709.0
2007-12-04,5.52,5.56,5.61,5.44,3893603.0,21663759.0
2007-12-05,5.55,5.7,5.73,5.54,8279118.0,46868998.0
2007-12-06,5.73,5.65,5.75,5.57,6895318.0,38948291.0
2007-12-07,5.6,6.14,6.21,5.6,35363502.0,213837933.0
2007-12-10,6.11,6.69,6.71,5.99,41038725.0,267228606.0
2007-12-11,6.71,6.75,6.82,6.49,33754301.0,224397092.0
2007-12-12,6.68,6.8,7.05,6.54,32253143.0,221215258.0
2007-12-13,6.81,6.47,7.05,6.44,37974182.0,258086934.0
2007-12-14,6.31,6.92,6.94,6.28,30194928.0,199571767.0
2007-12-17,7.01,7.2,7.29,6.99,51172940.0,365609934.0
2007-12-18,7.16,7.06,7.25,6.91,24914692.0,175343163.0
2007-12-19,7.08,7.19,7.31,7.0,40353640.0,288815226.0
2007-12-20,7.2,7.3,7.56,7.18,41668827.0,307832946.0
2007-12-21,7.26,7.29,7.42,7.19,24898791.0,181744018.0
2007-12-24,7.32,7.3,7.56,7.24,28959802.0,214528704.0
2007-12-25,7.32,7.7,7.74,7.3,43285894.0,326110933.0
2007-12-26,7.71,8.02,8.14,7.63,47772201.0,377458261.0
2007-12-27,8.03,8.01,8.14,7.91,31316323.0,250666514.0
2007-12-28,7.98,7.93,8.1,7.74,37626671.0,296748484.0
2008-01-02,7.9,8.21,8.22,7.75,48603678.0,390628452.0
2008-01-03,8.15,8.1,8.31,8.05,37896472.0,309941709.0
2008-01-04,8.1,7.98,8.14,7.82,27186799.0,216649910.0
2008-01-07,7.95,8.21,8.37,7.87,32659375.0,267589696.0
2008-01-08,8.21,7.67,8.22,7.58,51217127.0,404480268.0
2008-01-09,7.61,8.0,8.13,7.56,37009248.0,291844188.0
2008-01-10,8.02,8.05,8.42,7.96,67083924.0,553938858.0
2008-01-11,8.09,8.28,8.38,7.82,46645754.0,379876938.0
2008-01-14,8.3,8.71,8.76,8.19,87377389.0,747349369.0
2008-01-15,8.55,8.73,8.8,8.43,55195660.0,474910210.0
2008-01-16,8.68,8.84,9.19,8.55,60565539.0,543536255.0
2008-01-17,8.67,8.68,9.1,8.22,61769125.0,535541539.0
2008-01-18,8.69,8.51,8.69,8.29,30859844.0,261177837.0
2008-01-21,8.51,7.93,8.62,7.91,28103076.0,234519698.0
2008-01-22,7.59,7.17,8.15,7.14,53771302.0,403644332.0
2008-01-23,7.39,7.89,7.89,7.39,51687987.0,395845536.0
2008-01-24,8.11,8.68,8.68,7.96,72473537.0,617111852.0
2008-01-25,8.88,8.52,8.98,8.37,66297156.0,571859233.0
2008-01-28,8.5,7.68,8.5,7.67,35099704.0,277559783.0
2008-01-29,7.63,8.05,8.21,7.63,25498603.0,202623983.0
2008-01-30,8.1,8.28,8.48,7.71,40246291.0,329104598.0
2008-01-31,8.15,7.58,8.24,7.48,27596723.0,217832403.0
2008-02-01,7.58,7.24,7.72,6.87,31675819.0,227514770.0
2008-02-04,7.5,7.93,7.93,7.5,26526471.0,205675021.0
2008-02-05,7.91,7.77,7.95,7.63,18770880.0,146190581.0
2008-02-13,7.75,7.65,7.93,7.48,13298985.0,102904959.0
2008-02-14,7.76,7.74,7.86,7.67,10264480.0,79530150.0
2008-02-15,7.67,7.78,7.85,7.41,20585087.0,156891069.0
2008-02-18,7.79,8.13,8.3,7.79,34296636.0,279405906.0
2008-02-19,8.19,8.18,8.43,8.08,28095747.0,231964495.0
2008-02-20,8.15,8.44,8.63,8.15,49267401.0,415225156.0
2008-02-21,8.37,8.43,8.65,8.23,34154674.0,288772618.0
2008-02-22,8.36,8.24,8.61,7.98,27917273.0,231941198.0
2008-02-25,8.24,7.7,8.32,7.59,24015426.0,189521092.0
2008-02-26,7.96,7.56,8.01,7.25,27015720.0,204655552.0
2008-02-27,7.63,7.84,7.86,7.44,15831527.0,120950186.0
2008-02-28,7.84,7.86,8.05,7.73,15860007.0,125780130.0
2008-02-29,7.88,7.8,7.98,7.74,12293900.0,96326458.0
2008-03-03,7.75,8.13,8.17,7.62,25011011.0,199197433.0
2008-03-04,8.28,8.35,8.91,8.28,56806744.0,486774279.0
2008-03-05,8.36,8.52,8.62,8.21,36293548.0,307497074.0
2008-03-06,8.6,8.46,8.71,8.34,29546441.0,251674774.0
2008-03-07,8.44,8.25,8.6,8.19,18320282.0,154010569.0
2008-03-10,8.16,7.86,8.29,7.65,18937540.0,151138278.0
2008-03-11,7.72,8.01,8.04,7.66,11790312.0,92987219.0
2008-03-12,8.19,7.73,8.24,7.72,12715445.0,100891594.0
2008-03-13,7.65,7.29,7.66,7.03,20307008.0,149257816.0
2008-03-14,7.28,7.38,7.53,7.11,8934574.0,65538245.0
2008-03-17,7.32,6.65,7.34,6.65,18009477.0,123753911.0
2008-03-18,6.53,5.98,6.53,5.98,23052584.0,141359614.0
2008-03-19,6.07,6.3,6.43,5.54,28515039.0,175221227.0
2008-03-20,6.15,6.64,6.82,5.91,30839370.0,196483449.0
2008-03-21,6.66,6.53,6.77,6.39,29465077.0,193930783.0
2008-03-24,6.65,6.44,6.76,6.43,21156471.0,139508654.0
2008-03-25,6.3,6.45,6.57,6.21,13836255.0,88688018.0
2008-03-26,6.46,6.33,6.63,6.26,10262854.0,66271058.0
2008-03-27,6.25,6.09,6.56,6.07,16050316.0,101795673.0
2008-03-28,6.08,6.2,6.25,5.57,15790259.0,94535783.0
2008-03-31,5.97,5.93,6.32,5.92,11265796.0,69098715.0
2008-04-01,5.93,5.34,6.06,5.34,17324140.0,95065269.0
2008-04-02,5.34,4.8,5.48,4.8,20826444.0,103439616.0
2008-04-03,4.78,5.01,5.07,4.65,13667062.0,66697533.0
2008-04-07,4.97,5.51,5.51,4.84,31062779.0,167783918.0
2008-04-08,5.59,5.73,5.86,5.52,32894852.0,188537767.0
2008-04-09,5.73,5.31,5.81,5.22,20039100.0,111612318.0
2008-04-10,5.21,5.61,5.64,5.12,18145060.0,98916887.0
2008-04-11,5.68,5.8,5.99,5.68,26414872.0,155171270.0
2008-04-14,5.81,5.58,5.98,5.57,26731673.0,153850739.0
2008-04-15,5.59,5.82,5.85,5.14,16153202.0,89764277.0
2008-04-16,5.9,5.97,6.13,5.84,33241331.0,199185745.0
2008-04-17,5.98,5.87,6.1,5.62,16689582.0,97492426.0
2008-04-18,5.77,5.82,6.04,5.57,18166314.0,106193661.0
2008-04-21,6.3,5.98,6.39,5.85,28868624.0,176277338.0
2008-04-22,5.83,5.78,5.91,5.46,17710654.0,101159349.0
2008-04-23,5.77,5.99,6.07,5.59,21441300.0,125889841.0
2008-04-24,6.58,6.59,6.59,6.28,51366626.0,332162181.0
2008-04-25,6.44,6.51,6.86,6.4,34798913.0,230786478.0
2008-04-28,6.39,6.7,6.81,6.3,30291601.0,201440091.0
2008-04-29,6.67,6.63,6.8,6.54,19747552.0,130345358.0
2008-04-30,6.64,6.72,6.85,6.56,29531604.0,198293871.0
2008-05-05,6.74,7.02,7.03,6.49,42169741.0,285121583.0
2008-05-06,6.88,6.88,7.14,6.79,29618929.0,205827246.0
2008-05-07,6.78,6.36,6.87,6.35,28255558.0,187807014.0
2008-05-08,6.2,6.51,6.57,6.18,15267671.0,98061977.0
2008-05-09,6.51,6.51,6.51,6.51,0.0,0.0
2008-05-12,6.32,6.7,6.84,6.21,20550474.0,136877353.0
2008-05-13,6.44,6.94,7.03,6.43,41117783.0,281021959.0
2008-05-14,7.03,6.9,7.05,6.73,27113071.0,185432741.0
2008-05-15,6.9,6.63,6.95,6.63,19315217.0,131470603.0
2008-05-16,6.62,6.67,6.84,6.57,14850373.0,99585326.0
2008-05-19,6.62,6.55,6.66,6.49,9555683.0,62565323.0
2008-05-20,6.49,5.96,6.63,5.92,16858655.0,105892035.0
2008-05-21,5.92,5.97,6.06,5.59,18188519.0,104717032.0
2008-05-22,5.9,5.82,6.06,5.76,12581973.0,74290408.0
2008-05-23,5.69,5.59,5.82,5.45,15575932.0,87483467.0
2008-05-26,5.56,5.35,5.56,5.21,10423806.0,56636492.0
2008-05-27,5.34,5.4,5.52,5.26,7173974.0,38702437.0
2008-05-28,5.41,5.63,5.68,5.41,11028913.0,61492067.0
2008-05-29,5.49,5.39,5.68,5.39,8621556.0,47663921.0
2008-05-30,5.38,5.4,5.49,5.24,8775180.0,46752984.0
2008-06-02,5.3,5.34,5.38,5.25,7720888.0,41059988.0
2008-06-03,5.34,5.02,5.35,4.97,27047461.0,138022206.0
2008-06-04,4.97,4.85,4.97,4.83,13015604.0,63475235.0
2008-06-05,4.81,4.9,4.98,4.77,15188448.0,73972134.0
2008-06-06,4.93,4.87,4.98,4.8,12411832.0,60588843.0
2008-06-10,4.73,4.39,4.77,4.39,10830029.0,49272001.0
2008-06-11,4.39,4.49,4.59,4.15,16078214.0,69866981.0
2008-06-12,4.38,4.36,4.58,4.26,10127504.0,44858782.0
2008-06-13,4.41,4.22,4.45,4.15,11227765.0,47729610.0
2008-06-16,4.25,4.08,4.32,4.0,7732352.0,31818430.0
2008-06-17,4.12,3.78,4.14,3.77,11322679.0,45151613.0
2008-06-18,3.69,3.96,4.05,3.55,14948085.0,57199193.0
2008-06-19,3.88,3.63,3.92,3.57,17657389.0,64698924.0
2008-06-20,3.58,3.64,3.8,3.34,11475516.0,42058681.0
2008-06-23,3.61,3.6,3.71,3.55,5152103.0,18709623.0
2008-06-24,3.6,3.74,3.77,3.56,7123734.0,26451836.0
2008-06-25,3.78,4.11,4.11,3.74,19148842.0,77003647.0
2008-06-26,4.19,4.22,4.37,4.16,27299445.0,116188551.0
2008-06-27,4.06,3.9,4.09,3.84,14476193.0,57494537.0
2008-06-30,3.84,3.96,4.06,3.78,8583934.0,33845068.0
2008-07-01,3.92,3.84,4.0,3.77,6374873.0,24590449.0
2008-07-02,3.83,3.9,4.0,3.79,7791312.0,30534014.0
2008-07-03,3.83,4.18,4.29,3.78,18521942.0,76230602.0
2008-07-04,4.18,4.2,4.33,4.06,17876816.0,74971712.0
2008-07-07,4.22,4.38,4.45,4.21,21168300.0,92551856.0
2008-07-08,4.38,4.5,4.61,4.25,21609009.0,95171803.0
2008-07-09,4.5,4.56,4.71,4.44,23078916.0,106113434.0
2008-07-10,4.45,4.36,4.64,4.35,20849007.0,94420088.0
2008-07-11,4.26,4.24,4.38,4.14,15099938.0,64046947.0
2008-07-14,4.24,4.4,4.41,4.17,10911304.0,47501138.0
2008-07-15,4.43,4.35,4.52,4.22,12881290.0,56537385.0
2008-07-16,4.26,4.14,4.39,4.03,11518870.0,48644748.0
2008-07-17,4.21,4.08,4.31,4.08,7214950.0,30200308.0
2008-07-18,4.08,4.2,4.26,3.84,9401744.0,38088912.0
2008-07-21,4.19,4.34,4.38,4.13,8972496.0,38437735.0
2008-07-22,4.32,4.34,4.45,4.31,8798215.0,38487585.0
2008-07-23,4.35,4.37,4.48,4.32,10372152.0,45706412.0
2008-07-24,4.39,4.5,4.59,4.39,19806861.0,89513074.0
2008-07-25,4.45,4.77,4.94,4.41,53023477.0,251964624.0
2008-07-28,4.78,5.02,5.2,4.66,67181353.0,332197751.0
2008-07-29,4.87,4.77,5.11,4.72,37534017.0,183253859.0
2008-07-30,4.83,4.81,4.88,4.71,18072157.0,86674204.0
2008-07-31,4.74,4.57,4.83,4.56,16057002.0,74445429.0
2008-08-01,4.55,4.54,4.64,4.36,17579076.0,79087474.0
2008-08-04,4.52,4.55,4.76,4.41,17682382.0,81956486.0
2008-08-05,4.52,4.35,4.61,4.3,14986528.0,66358641.0
2008-08-06,4.38,4.32,4.43,4.21,11125421.0,48021916.0
2008-08-07,4.38,4.37,4.42,4.31,8043717.0,35064220.0
2008-08-08,4.38,4.16,4.55,4.1,15387703.0,66798588.0
2008-08-11,4.06,3.74,4.11,3.74,13631910.0,52016631.0
2008-08-12,3.55,3.65,3.78,3.53,10566985.0,38562842.0
2008-08-13,3.65,3.78,3.83,3.6,11702108.0,43577766.0
2008-08-14,3.74,3.78,3.84,3.71,5428008.0,20551645.0
2008-08-15,3.74,3.86,3.98,3.69,9410841.0,36342662.0
2008-08-18,3.82,3.49,3.86,3.47,9840440.0,36162417.0
2008-08-19,3.43,3.57,3.64,3.35,5879406.0,20807942.0
2008-08-20,3.55,3.91,3.92,3.46,11040101.0,41831709.0
2008-08-21,3.79,3.84,4.03,3.79,11550473.0,45237653.0
2008-08-22,3.75,3.76,3.86,3.65,8246240.0,31033321.0
2008-08-25,3.76,3.81,3.89,3.75,6219267.0,23917607.0
2008-08-26,3.77,3.68,3.78,3.62,6246725.0,23025922.0
2008-08-27,3.63,3.66,3.73,3.59,3739008.0,13647175.0
2008-08-28,3.67,3.74,3.79,3.66,5211767.0,19513656.0
2008-08-29,3.76,3.86,3.87,3.73,6603897.0,25290481.0
2008-09-01,3.85,3.76,3.85,3.73,4137248.0,15593986.0
2008-09-02,3.76,3.77,3.82,3.65,3431561.0,12877596.0
2008-09-03,3.74,3.78,3.81,3.69,3915670.0,14652937.0
2008-09-04,3.72,3.78,3.79,3.65,5559481.0,20789962.0
2008-09-05,3.67,3.67,3.74,3.6,5830731.0,21408315.0
2008-09-08,3.69,3.42,3.72,3.35,6658063.0,23252303.0
2008-09-09,3.46,3.37,3.49,3.33,6086836.0,20655282.0
2008-09-10,3.32,3.38,3.47,3.3,4652741.0,15780195.0
2008-09-11,3.38,3.21,3.4,3.2,5248460.0,17343897.0
2008-09-12,3.2,3.15,3.25,3.13,6697330.0,21405580.0
2008-09-16,3.17,3.03,3.18,3.01,6081349.0,18817561.0
2008-09-17,3.06,3.06,3.22,3.02,6485691.0,20062371.0
2008-09-18,3.0,3.01,3.1,2.78,9829770.0,28917687.0
2008-09-19,3.3,3.32,3.32,3.23,10376505.0,34241897.0
2008-09-22,3.55,3.52,3.65,3.32,20651587.0,72104907.0
2008-09-23,3.36,3.25,3.41,3.23,10294991.0,34281174.0
2008-09-24,3.15,3.23,3.28,3.09,8767618.0,27937899.0
2008-09-25,3.27,3.33,3.36,3.23,16232854.0,53496389.0
2008-09-26,3.36,3.27,3.36,3.22,8379545.0,27463278.0
2008-10-06,3.23,3.37,3.48,3.13,16878932.0,57196691.0
2008-10-07,3.31,3.4,3.46,3.22,12975635.0,43709340.0
2008-10-08,3.34,3.37,3.43,3.31,7484402.0,25218027.0
2008-10-09,3.44,3.33,3.47,3.32,6705554.0,22639204.0
2008-10-10,3.27,3.08,3.29,3.04,7302791.0,22875402.0
2008-10-13,3.09,3.15,3.18,3.03,10706893.0,33306249.0
2008-10-14,3.28,3.12,3.32,3.12,11420138.0,36949963.0
2008-10-15,3.08,3.02,3.16,2.96,7603784.0,23140918.0
2008-10-16,2.93,2.98,3.06,2.78,9289846.0,26984152.0
2008-10-17,2.99,2.93,3.02,2.84,6603534.0,19372724.0
2008-10-20,2.89,3.09,3.1,2.88,16190505.0,48616704.0
2008-10-21,3.12,3.1,3.21,3.03,16086855.0,49997038.0
2008-10-22,3.06,2.93,3.12,2.91,11704365.0,35111721.0
2008-10-23,2.83,2.91,2.92,2.8,6550887.0,18823280.0
2008-10-24,2.91,2.84,2.94,2.82,5672255.0,16227331.0
2008-10-27,2.75,2.56,2.82,2.56,7658451.0,20341712.0
2008-10-28,2.49,2.53,2.55,2.36,14846972.0,36749312.0
2008-10-29,2.56,2.32,2.58,2.28,9583904.0,23501494.0
2008-10-30,2.34,2.28,2.36,2.22,14632150.0,33473028.0
2008-10-31,2.27,2.27,2.32,2.24,7602773.0,17367284.0
2008-11-03,2.27,2.24,2.31,2.24,4719809.0,10710047.0
2008-11-04,2.25,2.34,2.34,2.22,8831234.0,20102270.0
2008-11-05,2.36,2.34,2.41,2.27,15710464.0,36844684.0
2008-11-06,2.26,2.24,2.27,2.22,7247373.0,16253717.0
2008-11-07,2.2,2.25,2.26,2.16,6180967.0,13738649.0
2008-11-10,2.25,2.42,2.42,2.25,25471965.0,60062388.0
2008-11-11,2.37,2.38,2.47,2.34,22445624.0,54427624.0
2008-11-12,2.34,2.45,2.45,2.34,16679046.0,40214688.0
2008-11-13,2.42,2.54,2.61,2.4,34539460.0,87246416.0
2008-11-14,2.58,2.67,2.71,2.55,33742092.0,88716800.0
2008-11-17,2.65,2.81,2.82,2.6,30522027.0,82924120.0
2008-11-18,2.86,2.54,2.96,2.53,38158773.0,104701592.0
2008-11-19,2.57,2.79,2.79,2.51,32003674.0,86579816.0
2008-11-20,2.79,2.84,2.9,2.74,39177789.0,110945424.0
2008-11-21,2.75,2.74,2.86,2.63,23050942.0,63370044.0
2008-11-24,2.77,2.63,2.82,2.61,18198132.0,49714100.0
2008-11-25,2.69,2.62,2.7,2.52,13950166.0,36529140.0
2008-11-26,2.61,2.59,2.67,2.55,10141029.0,26480512.0
2008-11-27,2.78,2.66,2.8,2.62,21365397.0,57643452.0
2008-11-28,2.7,2.66,2.71,2.62,17016100.0,45536484.0
2008-12-01,2.67,2.81,2.83,2.65,25860672.0,71239456.0
2008-12-02,2.74,2.9,2.91,2.71,42402997.0,121185608.0
2008-12-03,2.95,3.04,3.05,2.86,59660600.0,176591376.0
2008-12-04,3.04,2.97,3.08,2.96,49186907.0,148854304.0
2008-12-05,2.93,3.08,3.1,2.9,40618044.0,121880520.0
2008-12-08,3.12,3.15,3.17,3.04,46274757.0,143599760.0
2008-12-09,3.14,2.97,3.14,2.96,29325618.0,88910144.0
2008-12-10,2.94,3.06,3.08,2.92,22726579.0,68949912.0
2008-12-11,3.07,2.93,3.11,2.92,22945531.0,69250712.0
2008-12-12,2.91,2.75,2.95,2.7,21685323.0,61632844.0
2008-12-15,2.79,2.81,2.83,2.71,13855971.0,38478652.0
2008-12-16,2.79,2.88,2.89,2.71,17822288.0,49913176.0
2008-12-17,2.89,2.87,2.92,2.85,18111603.0,52320464.0
2008-12-18,2.88,2.9,2.9,2.83,15950896.0,45826440.0
2008-12-19,2.89,2.93,2.99,2.89,22733448.0,67065884.0
2008-12-22,2.93,3.03,3.06,2.91,28528470.0,85166544.0
2008-12-23,3.04,2.78,3.05,2.77,25260673.0,74050296.0
2008-12-24,2.75,2.61,2.75,2.58,17456451.0,46425240.0
2008-12-25,2.61,2.6,2.67,2.54,11155103.0,29111648.0
2008-12-26,2.6,2.59,2.64,2.59,6227230.0,16263689.0
2008-12-29,2.61,2.61,2.63,2.53,6446998.0,16680797.0
2008-12-30,2.61,2.61,2.67,2.6,7993979.0,21030698.0
2008-12-31,2.63,2.5,2.63,2.5,9202913.0,23494704.0
2009-01-05,2.53,2.6,2.61,2.52,13129759.0,33498060.0
2009-01-06,2.61,2.7,2.7,2.57,19222823.0,50721028.0
2009-01-07,2.7,2.69,2.73,2.66,16379055.0,44181732.0
2009-01-08,2.63,2.57,2.65,2.54,11706959.0,30404076.0
2009-01-09,2.58,2.68,2.69,2.58,17160446.0,45086976.0
2009-01-12,2.68,2.72,2.76,2.66,25074115.0,68522160.0
2009-01-13,2.7,2.61,2.7,2.59,15383783.0,40445520.0
2009-01-14,2.6,2.69,2.69,2.6,14165782.0,37545284.0
2009-01-15,2.66,2.7,2.74,2.64,25889846.0,70032080.0
2009-01-16,2.73,2.77,2.8,2.73,29798551.0,82474032.0
2009-01-19,2.79,2.84,2.84,2.75,25817239.0,71993440.0
2009-01-20,2.83,2.85,2.86,2.76,23034034.0,64704248.0
2009-01-21,2.79,2.79,2.84,2.74,23918299.0,66795004.0
2009-01-22,2.8,2.88,2.88,2.77,33304317.0,94542544.0
2009-01-23,2.86,2.8,2.88,2.79,18891614.0,53388432.0
2009-02-02,2.88,3.04,3.06,2.85,75874049.0,223138208.0
2009-02-03,3.08,3.16,3.21,3.06,101219051.0,319203008.0
2009-02-04,3.16,3.18,3.22,3.1,58138262.0,183771408.0
2009-02-05,3.18,3.16,3.18,3.1,54680906.0,171971392.0
2009-02-06,3.15,3.33,3.38,3.15,70939928.0,232474176.0
2009-02-09,3.36,3.34,3.42,3.27,75526436.0,251487360.0
2009-02-10,3.3,3.42,3.43,3.27,55663003.0,188011200.0
2009-02-11,3.35,3.35,3.43,3.3,55472878.0,187132224.0
2009-02-12,3.35,3.32,3.36,3.21,40092352.0,131518176.0
2009-02-13,3.32,3.42,3.48,3.31,51747830.0,176589488.0
2009-02-16,3.47,3.58,3.59,3.41,57850989.0,201841056.0
2009-02-17,3.54,3.48,3.69,3.4,60587855.0,215159856.0
2009-02-18,3.4,3.34,3.51,3.32,40456461.0,138286496.0
2009-02-19,3.38,3.36,3.41,3.26,35067837.0,117137248.0
2009-02-20,3.36,3.46,3.47,3.24,53822223.0,180779520.0
2009-02-23,3.42,3.58,3.62,3.41,59070060.0,209221920.0
2009-02-24,3.53,3.37,3.64,3.36,55258990.0,193915616.0
2009-02-25,3.42,3.45,3.51,3.34,42603209.0,146332864.0
2009-02-26,3.42,3.2,3.55,3.11,46137924.0,157079232.0
2009-02-27,3.17,2.91,3.24,2.89,35036802.0,105982240.0
2009-03-02,2.91,2.97,3.0,2.87,22562281.0,66338900.0
2009-03-03,2.89,2.92,2.97,2.85,21956982.0,64079056.0
2009-03-04,2.95,3.12,3.13,2.94,35653861.0,108797912.0
2009-03-05,3.17,3.15,3.18,3.02,38987153.0,121365552.0
2009-03-06,3.08,3.13,3.14,3.03,25704196.0,79315000.0
2009-03-09,3.15,2.99,3.19,2.94,33060911.0,101489720.0
2009-03-10,2.97,3.06,3.13,2.95,16503430.0,49746256.0
2009-03-11,3.12,3.13,3.2,3.07,41785021.0,130917760.0
2009-03-12,3.12,3.05,3.16,2.92,28507332.0,85880504.0
2009-03-13,3.05,3.0,3.05,2.96,27212440.0,81753280.0
2009-03-16,3.0,3.0,3.01,2.94,16532067.0,49334180.0
2009-03-17,3.0,3.08,3.09,2.96,31567239.0,95959960.0
2009-03-18,3.09,3.12,3.19,3.08,39255275.0,122785520.0
2009-03-19,3.11,3.2,3.21,3.1,34403987.0,108926064.0
2009-03-20,3.21,3.16,3.23,3.1,26864758.0,84613248.0
2009-03-23,3.16,3.34,3.36,3.15,51626299.0,169425632.0
2009-03-24,3.39,3.31,3.41,3.28,47516543.0,158121856.0
2009-03-25,3.29,3.18,3.32,3.17,24974896.0,81228792.0
2009-03-26,3.16,3.25,3.26,3.13,20044580.0,64097104.0
2009-03-27,3.25,3.27,3.29,3.22,27948684.0,91062496.0
2009-03-30,3.28,3.27,3.34,3.26,21196886.0,69787048.0
2009-03-31,3.21,3.23,3.24,3.13,21319122.0,68047408.0
2009-04-01,3.24,3.3,3.33,3.24,33101009.0,108858520.0
2009-04-02,3.31,3.4,3.43,3.31,55124877.0,186401120.0
2009-04-03,3.45,3.45,3.53,3.33,69472441.0,240056256.0
2009-04-07,3.45,3.42,3.48,3.37,31199062.0,106378248.0
2009-04-08,3.42,3.31,3.46,3.22,35902953.0,119260240.0
2009-04-09,3.33,3.36,3.4,3.24,26340393.0,87699112.0
2009-04-10,3.36,3.42,3.45,3.29,44679350.0,150938096.0
2009-04-13,3.43,3.41,3.45,3.38,38738935.0,132018736.0
2009-04-14,3.41,3.47,3.48,3.37,44482786.0,152726128.0
2009-04-15,3.45,3.44,3.47,3.33,32482011.0,111017280.0
2009-04-16,3.44,3.46,3.5,3.39,38287178.0,132280544.0
2009-04-17,3.44,3.38,3.48,3.35,30377582.0,103751064.0
2009-04-20,3.35,3.52,3.53,3.34,47487938.0,164530592.0
2009-04-21,3.48,3.51,3.54,3.42,39252720.0,136774016.0
2009-04-22,3.52,3.33,3.57,3.33,51912255.0,180492800.0
2009-04-23,3.35,3.38,3.45,3.32,30009004.0,101426992.0
2009-04-24,3.38,3.24,3.4,3.24,29020582.0,95918216.0
2009-04-27,3.24,3.08,3.27,3.06,22790727.0,71573600.0
2009-04-28,3.08,3.11,3.13,3.05,15239576.0,47011536.0
2009-04-29,3.1,3.16,3.18,3.07,17884080.0,56135656.0
2009-04-30,3.17,3.15,3.18,3.12,18407420.0,57934144.0
2009-05-04,3.15,3.33,3.34,3.15,31298744.0,101819608.0
2009-05-05,3.3,3.33,3.42,3.27,36775721.0,122894424.0
2009-05-06,3.32,3.35,3.36,3.3,26137724.0,87210600.0
2009-05-07,3.36,3.32,3.39,3.25,28191451.0,93850528.0
2009-05-08,3.3,3.35,3.35,3.24,28304225.0,93378752.0
2009-05-11,3.37,3.18,3.38,3.17,22913284.0,75167024.0
2009-05-12,3.16,3.23,3.23,3.15,13532889.0,43103760.0
2009-05-13,3.23,3.25,3.26,3.19,16797275.0,54270400.0
2009-05-14,3.23,3.22,3.23,3.19,15460496.0,49614148.0
2009-05-15,3.22,3.29,3.31,3.21,25909166.0,84489160.0
2009-05-18,3.27,3.36,3.38,3.23,25197274.0,83102656.0
2009-05-19,3.62,3.53,3.7,3.52,132865367.0,478920128.0
2009-05-20,3.41,3.41,3.52,3.39,57211936.0,196852784.0
2009-05-21,3.39,3.37,3.46,3.33,30688242.0,103820368.0
2009-05-22,3.37,3.29,3.39,3.26,29061350.0,96326776.0
2009-05-25,3.29,3.29,3.29,3.29,0.0,0.0
2009-05-26,3.3,3.31,3.38,3.29,23706347.0,79160224.0
2009-05-27,3.31,3.26,3.34,3.25,18738211.0,61447520.0
2009-06-01,3.28,3.35,3.36,3.27,20544666.0,68091480.0
2009-06-02,3.35,3.34,3.4,3.32,22263270.0,74875256.0
2009-06-03,3.33,3.33,3.35,3.28,20891105.0,69251352.0
2009-06-04,3.32,3.29,3.33,3.24,20179088.0,66291788.0
2009-06-05,3.28,3.33,3.38,3.27,24413833.0,81283088.0
2009-06-08,3.33,3.36,3.39,3.3,23391742.0,78432384.0
2009-06-09,3.38,3.35,3.39,3.28,17527785.0,58432376.0
2009-06-10,3.36,3.42,3.43,3.34,39547686.0,134711648.0
2009-06-11,3.42,3.35,3.44,3.34,28159322.0,95482224.0
2009-06-12,3.34,3.21,3.37,3.16,41526674.0,134782592.0
2009-06-15,3.17,3.24,3.25,3.17,13265596.0,42591188.0
2009-06-16,3.22,3.2,3.23,3.17,13360388.0,42763380.0
2009-06-17,3.2,3.24,3.24,3.19,14840736.0,47795872.0
2009-06-18,3.24,3.25,3.29,3.2,25681075.0,83135240.0
2009-06-19,3.23,3.26,3.29,3.22,24500977.0,79859744.0
2009-06-22,3.28,3.25,3.3,3.23,24567635.0,80280224.0
2009-06-23,3.22,3.24,3.28,3.2,16467024.0,53330224.0
2009-06-24,3.24,3.28,3.29,3.24,19671719.0,64299000.0
2009-06-25,3.4,3.33,3.48,3.33,68853232.0,233833632.0
2009-06-26,3.33,3.34,3.36,3.28,29810606.0,98787408.0
2009-06-29,3.34,3.34,3.37,3.31,23941090.0,79916040.0
2009-06-30,3.34,3.31,3.35,3.3,18866337.0,62512792.0
2009-07-01,3.31,3.3,3.33,3.28,19344147.0,63865432.0
2009-07-02,3.31,3.38,3.41,3.31,38917707.0,130942272.0
2009-07-03,3.36,3.43,3.47,3.34,53653049.0,183673728.0
2009-07-06,3.43,3.37,3.44,3.34,31616630.0,106575296.0
2009-07-07,3.38,3.44,3.47,3.36,42790864.0,146105888.0
2009-07-08,3.42,3.53,3.58,3.41,69948745.0,244600064.0
2009-07-09,3.51,3.57,3.61,3.5,62942310.0,223812288.0
2009-07-10,3.57,3.59,3.6,3.51,40459049.0,143173600.0
2009-07-13,3.55,3.7,3.76,3.53,71003726.0,260939904.0
2009-07-14,3.7,3.75,3.81,3.68,52419394.0,195991440.0
2009-07-15,3.77,3.71,3.78,3.68,30977020.0,114741896.0
2009-07-16,3.71,3.69,3.74,3.61,35106497.0,128946224.0
2009-07-17,3.68,3.65,3.74,3.6,27730564.0,101437528.0
2009-07-20,3.66,3.72,3.72,3.65,36338902.0,134134664.0
2009-07-21,3.74,3.78,3.87,3.7,65701726.0,248928560.0
2009-07-22,3.78,3.8,3.92,3.74,52507055.0,200986192.0
2009-07-23,3.79,3.8,3.85,3.75,27249965.0,103100272.0
2009-07-24,3.81,3.7,3.84,3.6,33169845.0,122814864.0
2009-07-27,3.69,3.7,3.75,3.64,33456189.0,123262088.0
2009-07-28,3.71,3.97,3.98,3.66,68067475.0,260565984.0
2009-07-29,3.93,3.69,4.0,3.58,48959863.0,187519260.0
2009-07-30,3.7,3.72,3.79,3.56,25361984.0,93053520.0
2009-07-31,3.72,3.82,3.84,3.69,27196913.0,102920912.0
2009-08-03,3.82,3.98,4.02,3.8,47590955.0,187751680.0
2009-08-04,4.0,4.38,4.38,3.99,102350993.0,437120256.0
2009-08-05,4.46,4.29,4.57,4.24,92735416.0,410524096.0
2009-08-06,4.22,4.38,4.48,4.14,56422206.0,246007792.0
2009-08-07,4.38,4.15,4.48,4.07,37459850.0,158528112.0
2009-08-10,4.23,4.19,4.27,4.06,26766407.0,111858624.0
2009-08-11,4.19,4.23,4.31,4.17,22062740.0,93956040.0
2009-08-12,4.19,3.92,4.21,3.87,25474934.0,102600656.0
2009-08-13,3.94,3.84,3.98,3.74,20325676.0,77709264.0
2009-08-14,3.84,3.7,3.9,3.64,15510073.0,58434288.0
2009-08-17,3.67,3.62,3.74,3.58,17157119.0,62766144.0
2009-08-18,3.58,3.71,3.72,3.5,18187645.0,65725648.0
2009-08-19,3.66,3.68,3.84,3.41,25788441.0,95156048.0
2009-08-20,3.62,3.85,3.88,3.6,26739501.0,101095200.0
2009-08-21,3.79,3.93,3.96,3.75,31860478.0,123591400.0
2009-08-24,3.93,3.94,4.0,3.84,21596275.0,84487728.0
2009-08-25,3.91,3.79,3.92,3.63,22579820.0,85073944.0
2009-08-26,3.75,4.17,4.17,3.73,60894711.0,249041632.0
2009-08-27,4.22,4.19,4.31,4.03,68852844.0,287722912.0
2009-08-28,4.12,3.98,4.13,3.92,29461950.0,117846480.0
2009-08-31,3.93,3.73,3.95,3.71,24081651.0,91407440.0
2009-09-01,3.65,3.75,3.82,3.64,13803310.0,51799468.0
2009-09-02,3.74,3.75,3.81,3.69,11198155.0,41981504.0
2009-09-03,3.75,3.93,3.93,3.74,18080977.0,69780256.0
2009-09-04,3.89,4.03,4.13,3.87,28023581.0,112857112.0
2009-09-07,4.04,4.09,4.16,4.01,35368788.0,144999856.0
2009-09-08,4.05,4.12,4.19,4.0,25313739.0,104353416.0
2009-09-09,4.12,4.12,4.18,4.02,21134186.0,86742304.0
2009-09-10,4.1,4.04,4.1,3.98,13352887.0,54017556.0
2009-09-11,3.98,4.09,4.15,3.98,15582656.0,63839420.0
2009-09-14,4.11,4.24,4.28,4.11,34253414.0,144908608.0
2009-09-15,4.22,4.22,4.27,4.15,25670351.0,107882872.0
2009-09-16,4.19,4.13,4.21,4.09,18119726.0,75121192.0
2009-09-17,4.14,4.22,4.24,4.13,19526011.0,81850504.0
2009-09-18,4.21,3.98,4.28,3.93,27595025.0,114436872.0
2009-09-21,3.87,4.0,4.01,3.84,16281846.0,63883224.0
2009-09-22,4.03,3.88,4.06,3.88,13161398.0,52279988.0
2009-09-23,3.87,3.85,3.93,3.68,18037685.0,68353760.0
2009-09-24,3.77,3.74,3.84,3.7,12174511.0,45974592.0
2009-09-25,3.74,3.81,3.84,3.69,10504154.0,39601412.0
2009-09-28,3.81,3.65,3.84,3.6,9280293.0,34675796.0
2009-09-29,3.65,3.6,3.68,3.51,8995931.0,32318576.0
2009-09-30,3.63,3.56,3.69,3.55,7599490.0,27624656.0
2009-10-09,3.64,3.73,3.76,3.6,10716728.0,39723824.0
2009-10-12,3.74,3.8,3.89,3.73,15728094.0,60128704.0
2009-10-13,3.8,3.91,3.92,3.79,18000627.0,69585328.0
2009-10-14,3.91,3.87,3.94,3.85,16050335.0,62461940.0
2009-10-15,3.89,3.79,3.92,3.74,17220401.0,65532576.0
2009-10-16,3.79,3.79,3.81,3.7,11879020.0,44601564.0
2009-10-19,3.79,3.85,3.86,3.72,17363671.0,66109504.0
2009-10-20,3.85,3.89,3.92,3.83,22166905.0,85894096.0
2009-10-21,3.89,3.8,3.91,3.78,18491505.0,71123312.0
2009-10-22,3.77,3.94,4.03,3.76,37923290.0,147478752.0
2009-10-23,3.94,3.96,3.99,3.89,30418336.0,120141256.0
2009-10-26,3.97,4.04,4.05,3.84,31128060.0,122968104.0
2009-10-27,3.97,3.83,3.98,3.81,26101658.0,102137552.0
2009-10-28,3.82,3.86,3.88,3.76,13133137.0,50238640.0
2009-10-29,3.78,3.72,3.82,3.7,14058422.0,52794264.0
2009-10-30,3.77,3.78,3.91,3.74,18514469.0,70967160.0
2009-11-02,3.73,3.96,3.99,3.69,34128992.0,132571464.0
2009-11-03,3.98,4.04,4.06,3.94,37254035.0,149846176.0
2009-11-04,4.04,4.08,4.19,4.03,40082004.0,164753232.0
2009-11-05,4.07,4.11,4.14,4.04,24015517.0,98492288.0
2009-11-06,4.13,4.07,4.16,4.05,26756271.0,109587088.0
2009-11-09,4.07,4.23,4.25,4.05,41659876.0,173630080.0
2009-11-10,4.23,4.26,4.38,4.19,60136609.0,258580928.0
2009-11-11,4.22,4.31,4.38,4.2,33931160.0,146426160.0
2009-11-12,4.32,4.39,4.49,4.28,42986773.0,187177488.0
2009-11-13,4.32,4.33,4.38,4.22,30994386.0,133458984.0
2009-11-16,4.34,4.37,4.49,4.32,37538231.0,164964608.0
2009-11-17,4.36,4.31,4.39,4.28,30439274.0,131255760.0
2009-11-18,4.31,4.46,4.48,4.27,43807047.0,192007760.0
2009-11-19,4.46,4.56,4.63,4.42,48212608.0,219618096.0
2009-11-20,4.49,4.53,4.65,4.47,35022071.0,160450160.0
2009-11-23,4.55,4.84,4.86,4.52,53733059.0,252578752.0
2009-11-24,4.87,4.75,5.04,4.65,92544548.0,451657536.0
2009-11-25,4.77,5.19,5.22,4.69,76701960.0,381421536.0
2009-11-26,5.13,4.74,5.21,4.67,72608240.0,359266240.0
2009-11-27,4.62,4.44,4.67,4.39,40138560.0,181670496.0
2009-11-30,4.54,4.78,4.83,4.54,36544818.0,171136128.0
2009-12-01,4.78,4.97,5.01,4.71,44269996.0,216315936.0
2009-12-02,4.97,4.96,5.04,4.86,48893035.0,241007296.0
2009-12-03,4.93,5.03,5.12,4.86,41555005.0,208628080.0
2009-12-04,5.04,4.82,5.09,4.69,44389526.0,216605568.0
2009-12-07,4.83,4.89,4.97,4.78,24220753.0,118211864.0
2009-12-08,4.9,4.81,4.9,4.74,23468438.0,112774928.0
2009-12-09,4.75,4.75,4.83,4.69,18001668.0,85493568.0
2009-12-10,4.77,4.8,4.81,4.73,12945218.0,61813028.0
2009-12-11,4.83,4.94,4.99,4.78,33507776.0,165384496.0
2009-12-14,4.96,4.84,4.98,4.74,17403836.0,83830504.0
2009-12-15,4.82,4.83,4.92,4.76,12864463.0,62338400.0
2009-12-16,4.81,4.77,4.86,4.75,13350451.0,64026088.0
2009-12-17,4.77,4.55,4.81,4.55,21477794.0,99352896.0
2009-12-18,4.5,4.41,4.52,4.36,15843541.0,70089688.0
2009-12-21,4.45,4.5,4.65,4.43,19649352.0,88820280.0
2009-12-22,4.52,4.31,4.52,4.29,13543151.0,59336928.0
2009-12-23,4.31,4.5,4.52,4.29,20916136.0,92259504.0
2009-12-24,4.45,4.57,4.61,4.43,22642403.0,102853344.0
2009-12-25,4.57,4.59,4.62,4.53,13149766.0,60228848.0
2009-12-28,4.6,4.64,4.68,4.55,20746455.0,95686352.0
2009-12-29,4.64,4.71,4.75,4.59,33611084.0,156793552.0
2009-12-30,4.67,4.67,4.71,4.55,21322646.0,98697296.0
2009-12-31,4.67,4.68,4.69,4.59,15081333.0,70154544.0
2010-01-04,4.78,4.81,5.0,4.78,49610827.0,242024464.0
2010-01-05,4.78,4.89,4.93,4.71,30728724.0,148737088.0
2010-01-06,4.89,4.81,4.95,4.81,21305580.0,103954549.0
2010-01-07,4.8,4.65,4.84,4.61,28351799.0,133528192.0
2010-01-08,4.6,4.66,4.67,4.54,17850178.0,82427720.0
2010-01-11,4.65,4.6,4.69,4.57,20720892.0,95315240.0
2010-01-12,4.6,4.76,4.77,4.58,25644961.0,120596436.0
2010-01-13,4.67,4.69,4.8,4.63,24386332.0,114900072.0
2010-01-14,4.68,4.83,4.85,4.68,29594134.0,142147776.0
2010-01-15,4.88,4.83,4.9,4.78,19199265.0,92579984.0
2010-01-18,4.85,5.0,5.01,4.77,62100811.0,306893696.0
2010-01-19,4.97,5.05,5.12,4.95,49027427.0,247515216.0
2010-01-20,5.06,4.78,5.09,4.77,36773061.0,181138160.0
2010-01-21,4.83,4.83,4.86,4.76,18507967.0,89149408.0
2010-01-22,4.75,4.74,4.83,4.59,22908376.0,108138896.0
2010-01-25,4.64,4.73,4.81,4.59,16901947.0,79298800.0
2010-01-26,4.73,4.49,4.76,4.42,17316990.0,79016520.0
2010-01-27,4.49,4.4,4.53,4.32,13687869.0,60675788.0
2010-01-28,4.4,4.44,4.46,4.36,9270050.0,40948092.0
2010-01-29,4.41,4.5,4.55,4.37,16007731.0,71504880.0
2010-02-01,4.57,4.48,4.65,4.46,22043438.0,100391384.0
2010-02-02,4.48,4.36,4.55,4.35,16755963.0,74312448.0
2010-02-03,4.39,4.32,4.41,4.12,17393336.0,74163144.0
2010-02-04,4.3,4.32,4.36,4.23,17062202.0,73277696.0
2010-02-05,4.24,4.19,4.24,4.13,15093223.0,62943840.0
2010-02-08,4.17,4.26,4.35,4.13,15232166.0,64873336.0
2010-02-09,4.21,4.24,4.29,4.19,7235534.0,30551018.0
2010-02-10,4.26,4.27,4.29,4.22,6255674.0,26582472.0
2010-02-11,4.27,4.24,4.28,4.23,6454033.0,27416540.0
2010-02-12,4.28,4.24,4.28,4.19,13005653.0,54862920.0
2010-02-22,4.25,4.29,4.33,4.22,14417443.0,61856784.0
2010-02-23,4.33,4.4,4.43,4.29,20214886.0,88281904.0
2010-02-24,4.38,4.41,4.42,4.34,17952323.0,78621696.0
2010-02-25,4.42,4.47,4.48,4.39,20355576.0,90206320.0
2010-02-26,4.45,4.47,4.53,4.43,17526537.0,78608880.0
2010-03-01,4.47,4.47,4.5,4.42,20941790.0,93332112.0
2010-03-02,4.48,4.46,4.49,4.4,19909905.0,88402064.0
2010-03-03,4.46,4.78,4.8,4.44,70536110.0,328937152.0
2010-03-04,4.79,4.54,4.92,4.51,49475493.0,232323344.0
2010-03-05,4.55,4.59,4.69,4.55,30402298.0,140763808.0
2010-03-08,4.59,4.52,4.64,4.49,26395266.0,119409368.0
2010-03-09,4.5,4.49,4.54,4.44,13209050.0,59132080.0
2010-03-10,4.46,4.44,4.52,4.41,11041860.0,49196944.0
2010-03-11,4.44,4.4,4.46,4.32,12592681.0,55211888.0
2010-03-12,4.39,4.29,4.41,4.27,10179551.0,44228484.0
2010-03-15,4.28,4.22,4.29,4.17,15975619.0,67429888.0
2010-03-16,4.28,4.3,4.3,4.21,10211648.0,43401472.0
2010-03-17,4.32,4.34,4.35,4.27,15525606.0,67064276.0
2010-03-18,4.35,4.35,4.39,4.33,13011323.0,56654676.0
2010-03-19,4.35,4.37,4.38,4.29,14262538.0,61859992.0
2010-03-22,4.37,4.36,4.38,4.33,9837039.0,42793432.0
2010-03-23,4.36,4.39,4.45,4.36,19461121.0,85820544.0
2010-03-24,4.41,4.46,4.51,4.38,26275272.0,117506744.0
2010-03-25,4.45,4.32,4.45,4.31,14756721.0,64239364.0
2010-03-26,4.32,4.32,4.33,4.24,14625056.0,62782596.0
2010-03-29,4.33,4.42,4.42,4.32,16543653.0,72749400.0
2010-03-30,4.45,4.37,4.45,4.33,16739877.0,73138192.0
2010-03-31,4.38,4.33,4.39,4.31,10574120.0,45787608.0
2010-04-01,4.33,4.47,4.49,4.32,27648278.0,122745280.0
2010-04-02,4.51,4.5,4.59,4.46,20341864.0,91723296.0
2010-04-06,4.5,4.53,4.56,4.43,20530038.0,92240536.0
2010-04-07,4.5,4.52,4.55,4.46,11905256.0,53583344.0
2010-04-08,4.53,4.49,4.54,4.45,13556987.0,60867700.0
2010-04-09,4.49,4.62,4.68,4.49,39588519.0,182502928.0
2010-04-12,4.59,4.75,4.75,4.59,43915941.0,206703696.0
2010-04-13,4.75,4.71,4.79,4.54,34725846.0,162516288.0
2010-04-14,4.69,4.8,4.91,4.67,39606957.0,191190304.0
2010-04-15,4.8,4.8,4.9,4.75,27628507.0,132930432.0
2010-04-16,4.76,5.06,5.1,4.76,90193442.0,451548032.0
2010-04-19,5.01,5.0,5.13,4.9,76122482.0,384370464.0
2010-04-20,5.0,5.27,5.3,4.93,79492072.0,410868640.0
2010-04-21,5.22,5.42,5.45,5.16,65707452.0,350282144.0
2010-04-22,5.42,5.49,5.53,5.29,52689242.0,283294848.0
2010-04-23,5.42,5.38,5.49,5.31,47348745.0,253947168.0
2010-04-26,5.36,5.34,5.42,5.21,30688932.0,163942192.0
2010-04-27,5.34,5.16,5.4,5.01,26579358.0,137153872.0
2010-04-28,5.11,5.21,5.28,5.07,22813583.0,118202928.0
2010-04-29,5.22,4.92,5.32,4.91,23921151.0,122542648.0
2010-04-30,4.92,5.02,5.04,4.79,20806414.0,102550016.0
2010-05-04,5.0,5.12,5.2,4.93,21223794.0,108424704.0
2010-05-05,5.07,5.31,5.33,5.02,31204233.0,162788992.0
2010-05-06,5.3,5.16,5.38,5.12,24907502.0,130627216.0
2010-05-07,4.95,5.29,5.37,4.93,36984149.0,193138560.0
2010-05-10,5.29,5.29,5.29,5.29,0.0,0.0
2010-05-11,5.23,4.76,5.23,4.76,35613202.0,175813856.0
2010-05-12,4.67,4.51,4.78,4.31,24865584.0,112682568.0
2010-05-13,4.45,4.75,4.78,4.41,14604163.0,66774504.0
2010-05-14,4.68,4.8,4.89,4.64,15689484.0,74928768.0
2010-05-17,4.72,4.54,4.83,4.44,19198347.0,88652600.0
2010-05-18,4.5,4.55,4.64,4.17,21994803.0,97315808.0
2010-05-19,4.51,4.44,4.62,4.38,17213783.0,77152040.0
2010-05-20,4.44,4.35,4.53,4.3,20436610.0,89681560.0
2010-05-21,4.26,4.46,4.52,4.22,15607453.0,68599864.0
2010-05-24,4.5,4.61,4.7,4.5,28375715.0,130090072.0
2010-05-25,4.55,4.55,4.69,4.51,16975886.0,78124824.0
2010-05-26,4.52,4.5,4.64,4.48,12246597.0,55674512.0
2010-05-27,4.5,4.59,4.62,4.37,12830751.0,58063788.0
2010-05-28,4.66,4.6,4.72,4.53,11740589.0,54041160.0
2010-05-31,4.55,4.57,4.66,4.46,12084598.0,55270608.0
2010-06-01,4.46,4.41,4.57,4.37,7556829.0,33638260.0
2010-06-02,4.39,4.41,4.43,4.3,6728587.0,29414300.0
2010-06-03,4.43,4.45,4.59,4.43,10050967.0,45143448.0
2010-06-04,4.45,4.44,4.49,4.36,8228146.0,36534760.0
2010-06-07,4.29,4.19,4.38,4.1,26979761.0,113764640.0
2010-06-08,4.17,4.21,4.22,4.09,23063758.0,96324712.0
2010-06-09,4.22,4.38,4.4,4.2,23075154.0,98937752.0
2010-06-10,4.33,4.42,4.48,4.29,21908604.0,96692792.0
2010-06-11,4.44,4.35,4.47,4.33,14015087.0,61299436.0
2010-06-17,4.4,4.36,4.46,4.35,9356422.0,41112756.0
2010-06-18,4.38,4.14,4.38,4.09,14886250.0,62445580.0
2010-06-21,4.14,4.32,4.33,4.1,14244337.0,60405320.0
2010-06-22,4.3,4.28,4.31,4.23,9800107.0,41796080.0
2010-06-23,4.27,4.2,4.28,4.17,8436360.0,35583416.0
2010-06-24,4.18,4.24,4.29,4.18,7453100.0,31611454.0
2010-06-25,4.24,4.17,4.25,4.14,5296617.0,22176980.0
2010-06-28,4.16,3.96,4.2,3.94,11484769.0,46430220.0
2010-06-29,3.96,3.71,4.0,3.7,16149258.0,61526852.0
2010-06-30,3.7,3.71,3.73,3.6,8590037.0,31384230.0
2010-07-01,3.7,3.69,3.79,3.61,6913104.0,25452040.0
2010-07-02,3.63,3.68,3.71,3.52,10417159.0,37704676.0
2010-07-05,3.68,3.73,3.86,3.59,21581063.0,80824520.0
2010-07-06,3.73,3.79,3.85,3.73,25009332.0,94998200.0
2010-07-07,3.82,3.85,3.87,3.77,16610103.0,63508328.0
2010-07-08,3.85,3.84,3.97,3.82,10801236.0,42043320.0
2010-07-09,3.85,3.96,4.01,3.81,15331621.0,60430008.0
2010-07-12,3.95,4.01,4.05,3.92,11214730.0,44840648.0
2010-07-13,3.96,4.04,4.08,3.93,13717045.0,55340316.0
2010-07-14,4.05,3.98,4.08,3.95,11562290.0,46400888.0
2010-07-15,3.93,3.79,3.98,3.78,11866934.0,46438092.0
2010-07-16,3.78,3.79,3.84,3.69,11541009.0,43431856.0
2010-07-19,3.74,3.94,3.98,3.72,20460540.0,79867976.0
2010-07-20,3.93,4.09,4.1,3.92,24130510.0,97662528.0
2010-07-21,4.11,4.04,4.16,4.02,12565769.0,51262312.0
2010-07-22,4.0,4.09,4.19,4.0,15011098.0,61900960.0
2010-07-23,4.08,4.1,4.15,4.04,10419557.0,42604264.0
2010-07-26,4.08,4.51,4.51,4.05,45289692.0,197776432.0
2010-07-27,4.5,4.58,4.7,4.42,39523964.0,179368736.0
2010-07-28,4.57,4.67,4.77,4.54,24006820.0,111835536.0
2010-07-29,4.72,4.64,4.72,4.57,18519597.0,85755312.0
2010-07-30,4.64,4.56,4.67,4.52,15558746.0,71323576.0
2010-08-02,4.57,4.84,4.95,4.55,33613247.0,161369792.0
2010-08-03,4.78,4.69,4.82,4.68,20632597.0,98234448.0
2010-08-04,4.68,4.94,5.01,4.66,33576483.0,162561776.0
2010-08-05,4.93,4.99,5.1,4.89,35467318.0,178125792.0
2010-08-06,4.99,5.11,5.14,4.95,25312392.0,128460328.0
2010-08-09,5.09,5.08,5.31,4.99,35619269.0,183306736.0
2010-08-10,5.11,4.9,5.11,4.87,26021322.0,128857128.0
2010-08-11,4.9,4.84,4.95,4.78,18935568.0,91530016.0
2010-08-12,4.8,4.81,4.91,4.72,30061913.0,145134544.0
2010-08-13,4.83,4.85,4.86,4.7,23007604.0,109863024.0
2010-08-16,4.84,5.04,5.06,4.77,39703830.0,196493024.0
2010-08-17,5.01,5.04,5.08,4.96,27853488.0,139516576.0
2010-08-18,5.07,5.18,5.24,5.02,35324116.0,181199632.0
2010-08-19,5.19,5.32,5.36,5.13,38579692.0,203602080.0
2010-08-20,5.28,5.08,5.3,5.01,24085500.0,124145456.0
2010-08-23,5.01,5.0,5.12,4.98,14532347.0,73312464.0
2010-08-24,4.99,5.08,5.18,4.96,19273285.0,97942616.0
2010-08-25,5.02,5.08,5.17,5.01,18755812.0,95303168.0
2010-08-26,5.06,5.31,5.36,5.06,34541292.0,181721616.0
2010-08-27,5.33,5.42,5.47,5.24,27702888.0,148774320.0
2010-08-30,5.44,5.53,5.61,5.34,30900854.0,170829184.0
2010-08-31,5.52,5.67,5.74,5.43,25970893.0,145449280.0
2010-09-01,5.65,5.52,5.72,5.33,30660630.0,169178176.0
2010-09-02,5.61,5.51,5.61,5.44,30893304.0,169998912.0
2010-09-03,5.52,5.52,5.7,5.47,31884831.0,176887456.0
2010-09-06,5.56,5.34,5.58,5.29,33000566.0,179032288.0
2010-09-07,5.34,5.87,5.87,5.28,70229945.0,396091904.0
2010-09-08,5.82,5.91,6.01,5.68,62266736.0,365715744.0
2010-09-09,5.86,5.8,6.06,5.74,40751495.0,239595424.0
2010-09-10,5.74,5.91,6.05,5.7,36874521.0,217578080.0
2010-09-13,6.0,6.27,6.42,5.91,41757521.0,259853632.0
2010-09-14,6.2,6.29,6.35,6.18,24328069.0,152735888.0
2010-09-15,6.29,6.1,6.29,6.06,26675539.0,163903216.0
2010-09-16,6.09,5.92,6.13,5.7,33162299.0,193015056.0
2010-09-17,5.9,6.19,6.24,5.81,23897174.0,144406224.0
2010-09-20,6.17,6.06,6.29,5.95,17251575.0,105366968.0
2010-09-21,6.06,6.02,6.06,5.85,10537667.0,62789872.0
2010-09-27,6.05,6.19,6.22,5.96,16698569.0,102687072.0
2010-09-28,6.18,6.34,6.49,6.1,24449762.0,155531968.0
2010-09-29,6.34,6.31,6.57,6.25,23154465.0,149188576.0
2010-09-30,6.25,6.52,6.59,6.25,26505288.0,171678400.0
2010-10-08,6.56,6.81,6.84,6.54,27569462.0,185363824.0
2010-10-11,6.87,7.03,7.49,6.86,47904054.0,343467744.0
2010-10-12,6.96,6.92,7.25,6.76,46290339.0,322021568.0
2010-10-13,6.92,6.77,6.94,6.67,38090832.0,257133056.0
2010-10-14,6.77,6.52,6.91,6.31,49911667.0,327132832.0
2010-10-15,6.44,6.2,6.59,6.19,53498514.0,340376800.0
2010-10-18,6.23,5.7,6.27,5.59,60975765.0,356067264.0
2010-10-19,5.71,6.13,6.14,5.71,44789830.0,267766592.0
2010-10-20,6.0,6.33,6.42,5.95,39299682.0,246574496.0
2010-10-21,6.33,6.44,6.55,6.24,27901978.0,178247328.0
2010-10-22,6.34,6.48,6.53,6.26,31133490.0,200243232.0
2010-10-25,6.52,6.58,6.61,6.43,34091912.0,223044256.0
2010-10-26,6.55,6.38,6.55,6.26,47748202.0,302943072.0
2010-10-27,6.37,6.37,6.56,6.29,39249585.0,252885728.0
2010-10-28,6.36,6.16,6.45,6.1,35404944.0,219315584.0
2010-10-29,6.14,6.34,6.42,6.13,33432154.0,210294224.0
2010-11-01,6.35,6.44,6.5,6.29,36840531.0,235775632.0
2010-11-02,6.56,6.57,6.81,6.55,55899969.0,372352544.0
2010-11-03,6.53,7.1,7.23,6.51,142660349.0,1001515840.0
2010-11-04,7.17,7.2,7.31,6.91,112850070.0,808990784.0
2010-11-05,7.2,7.14,7.34,7.08,59047336.0,424854336.0
2010-11-08,7.13,7.67,7.72,7.13,72868848.0,542742720.0
2010-11-09,7.7,7.6,7.73,7.42,34026677.0,257347744.0
2010-11-10,7.58,7.52,7.92,7.48,41456141.0,318348448.0
2010-11-11,7.53,7.42,7.77,7.39,36268980.0,275171200.0
2010-11-12,7.47,7.05,7.63,7.01,38388750.0,280356096.0
2010-11-15,7.05,7.4,7.42,7.05,24010296.0,173869136.0
2010-11-16,7.44,7.35,7.73,7.06,42745744.0,317813952.0
2010-11-17,7.15,6.7,7.24,6.61,40245629.0,274792704.0
2010-11-18,6.69,6.9,6.91,6.29,27844316.0,184684368.0
2010-11-19,6.81,7.04,7.1,6.77,25855211.0,179710528.0
2010-11-22,7.04,7.01,7.3,6.77,23749823.0,167728736.0
2010-11-23,6.91,7.03,7.08,6.67,22092956.0,151904080.0
2010-11-24,6.89,7.15,7.16,6.89,20228185.0,143104288.0
2010-11-25,7.18,7.15,7.25,7.07,16297023.0,116672176.0
2010-11-26,7.15,6.94,7.19,6.89,15454719.0,108100880.0
2010-11-29,6.94,6.74,6.94,6.66,21740841.0,146397760.0
2010-11-30,6.67,6.67,6.79,6.19,24968620.0,163247936.0
2010-12-01,6.54,6.79,6.82,6.52,12651737.0,84428472.0
2010-12-02,6.91,6.83,6.91,6.67,16956640.0,115384168.0
2010-12-03,6.8,6.8,6.83,6.67,8059861.0,54473336.0
2010-12-06,6.78,6.66,6.85,6.61,8138074.0,54430036.0
2010-12-07,6.63,6.74,6.76,6.44,7901130.0,52716496.0
2010-12-08,6.76,6.7,6.82,6.67,7311719.0,49359072.0
2010-12-09,6.7,6.48,6.72,6.44,9911169.0,64655200.0
2010-12-10,6.44,6.42,6.55,6.3,11959651.0,76574512.0
2010-12-13,6.44,6.66,6.69,6.44,13030263.0,85679616.0
2010-12-14,6.7,7.12,7.15,6.62,26938536.0,186517552.0
2010-12-15,7.15,7.06,7.25,7.01,22662878.0,161140560.0
2010-12-16,7.02,7.06,7.14,6.91,11645757.0,81411232.0
2010-12-17,7.03,7.09,7.13,6.99,7940503.0,56222980.0
2010-12-20,7.16,7.22,7.23,6.9,22003223.0,157129296.0
2010-12-21,7.25,7.21,7.27,6.94,17585290.0,125381872.0
2010-12-22,7.19,7.07,7.21,6.97,13252932.0,93476232.0
2010-12-23,7.05,6.8,7.06,6.74,12504150.0,85818456.0
2010-12-24,6.77,6.55,6.77,6.43,13202152.0,86551472.0
2010-12-27,6.5,6.44,6.67,6.34,13045961.0,84797984.0
2010-12-28,6.44,6.39,6.57,6.36,8473906.0,54761656.0
2010-12-29,6.39,6.71,6.72,6.34,12089563.0,78878656.0
2010-12-30,6.65,6.64,6.74,6.51,10614412.0,70378512.0
2010-12-31,6.72,6.89,6.9,6.68,11832804.0,80700456.0
2011-01-04,6.84,6.87,6.96,6.84,12850011.0,88527752.0
2011-01-05,6.87,6.74,6.87,6.67,11381636.0,76654728.0
2011-01-06,6.74,6.51,6.74,6.44,20449178.0,133536192.0
2011-01-07,6.54,6.53,6.61,6.44,11178887.0,72924824.0
2011-01-10,6.56,6.44,6.6,6.39,8148426.0,52814068.0
2011-01-11,6.41,6.2,6.41,6.15,12211972.0,75975984.0
2011-01-12,6.24,6.26,6.32,6.19,4533246.0,28308940.0
2011-01-13,6.29,6.34,6.39,6.23,4880182.0,30883656.0
2011-01-14,6.31,6.06,6.31,5.96,9921118.0,60540180.0
2011-01-17,5.95,5.61,5.96,5.58,9914436.0,57081196.0
2011-01-18,5.59,5.57,5.72,5.56,7998191.0,44960400.0
2011-01-19,5.62,5.7,5.7,5.59,5050580.0,28642962.0
2011-01-20,5.74,5.72,5.94,5.67,11723149.0,68014832.0
2011-01-21,5.68,5.64,5.76,5.53,7235399.0,40794536.0
2011-01-24,5.63,5.39,5.69,5.34,6054864.0,33283414.0
2011-01-25,5.39,5.44,5.48,5.11,7501130.0,39881352.0
2011-01-26,5.44,5.44,5.6,5.42,7204907.0,39488576.0
2011-01-27,5.5,5.63,5.65,5.43,6898542.0,38273668.0
2011-01-28,5.62,5.78,5.82,5.62,8587427.0,49161856.0
2011-01-31,5.77,5.8,5.82,5.68,8308065.0,47771136.0
2011-02-01,5.76,5.71,5.91,5.67,8494921.0,48932520.0
2011-02-09,5.62,5.74,5.97,5.62,15333924.0,89688968.0
2011-02-10,5.74,5.88,5.94,5.74,12371538.0,72671040.0
2011-02-11,5.88,5.89,5.97,5.84,10275377.0,60502892.0
2011-02-14,5.9,5.96,5.98,5.87,12728967.0,75491336.0
2011-02-15,5.96,5.95,6.0,5.91,16201873.0,96372080.0
2011-02-16,5.92,6.02,6.04,5.82,21863320.0,130450472.0
2011-02-17,6.09,6.04,6.12,5.95,16282455.0,98270016.0
2011-02-18,6.05,5.91,6.05,5.89,10850264.0,64452904.0
2011-02-21,5.91,6.03,6.03,5.84,12511937.0,74921192.0
2011-02-22,6.03,6.23,6.32,6.01,47627103.0,295258176.0
2011-02-23,6.21,6.26,6.34,6.14,28170451.0,175896608.0
2011-02-24,6.24,6.26,6.33,6.19,17739569.0,110826448.0
2011-02-25,6.25,6.46,6.6,6.25,33249052.0,215189360.0
2011-02-28,6.46,6.51,6.6,6.44,26815668.0,174678656.0
2011-03-01,6.51,6.62,6.68,6.46,26681694.0,176284096.0
2011-03-02,6.58,6.56,6.64,6.47,17803362.0,116546440.0
2011-03-03,6.53,6.56,6.82,6.46,41082132.0,272539040.0
2011-03-04,6.61,6.75,6.77,6.54,38730263.0,258270336.0
2011-03-07,6.75,6.75,6.75,6.75,0.0,0.0
2011-03-08,6.84,6.59,6.87,6.47,53419742.0,353010496.0
2011-03-09,6.59,6.51,6.64,6.48,28224899.0,184527760.0
2011-03-10,6.53,6.6,6.72,6.52,27351511.0,181348096.0
2011-03-11,6.51,6.54,6.67,6.5,15176991.0,100249776.0
2011-03-14,6.53,6.32,6.53,6.2,32206130.0,203469296.0
2011-03-15,6.33,6.02,6.36,5.91,52303979.0,318055232.0
2011-03-16,6.02,6.15,6.16,5.96,35896632.0,216568352.0
2011-03-17,6.04,5.89,6.04,5.82,40392591.0,238408816.0
2011-03-18,5.91,5.99,6.01,5.89,26095091.0,155345152.0
2011-03-21,6.01,6.1,6.16,6.0,33049261.0,201319184.0
2011-03-22,6.11,5.99,6.13,5.95,17915408.0,107547320.0
2011-03-23,6.0,5.98,6.01,5.85,16685988.0,98962072.0
2011-03-24,5.98,5.94,6.04,5.9,19138745.0,113915056.0
2011-03-25,5.94,5.94,5.94,5.94,0.0,0.0
2011-03-28,5.94,5.94,5.94,5.94,0.0,0.0
2011-03-29,5.72,5.65,5.81,5.58,46002910.0,262075664.0
2011-03-30,5.62,5.64,5.71,5.56,15685960.0,88168768.0
2011-03-31,5.63,5.75,5.77,5.62,24329450.0,139325488.0
2011-04-01,5.78,5.83,5.84,5.64,16640684.0,95553888.0
2011-04-06,5.72,5.85,5.93,5.54,50452325.0,289872224.0
2011-04-07,5.82,6.02,6.04,5.8,38339470.0,226902384.0
2011-04-08,5.99,5.94,5.99,5.88,31242140.0,185202368.0
2011-04-11,5.95,5.97,6.01,5.82,25442242.0,150155776.0
2011-04-12,5.92,6.05,6.08,5.84,28611655.0,170915024.0
2011-04-13,6.01,6.01,6.08,5.95,19095140.0,114159608.0
2011-04-14,6.01,6.01,6.01,6.01,0.0,0.0
2011-04-15,6.24,6.13,6.29,6.08,57000434.0,351977856.0
2011-04-18,6.03,5.99,6.09,5.88,24490635.0,145682736.0
2011-04-19,5.86,5.96,6.03,5.82,17743035.0,105142848.0
2011-04-20,6.01,6.01,6.02,5.9,17057912.0,101630640.0
2011-04-21,6.05,5.97,6.05,5.92,14416642.0,85850128.0
2011-04-22,5.93,6.12,6.13,5.89,26091547.0,157053680.0
2011-04-25,6.05,6.12,6.17,6.01,22728579.0,138850512.0
2011-04-26,6.1,5.98,6.13,5.96,15603049.0,93545840.0
2011-04-27,5.96,5.93,6.03,5.87,15673838.0,93140488.0
2011-04-28,5.94,5.54,6.0,5.48,25616166.0,146299680.0
2011-04-29,5.48,5.71,5.72,5.43,9549861.0,53529016.0
2011-05-03,5.68,5.68,5.69,5.59,7998042.0,45040476.0
2011-05-04,5.69,5.48,5.69,5.47,8148698.0,45516688.0
2011-05-05,5.48,5.62,5.66,5.46,11951297.0,66657080.0
2011-05-06,5.55,5.59,5.65,5.5,5716526.0,31840102.0
2011-05-09,5.58,5.58,5.64,5.56,4857386.0,27165730.0
2011-05-10,5.58,5.69,5.74,5.58,11110363.0,63172224.0
2011-05-11,5.7,5.64,5.71,5.58,8692425.0,49159248.0
2011-05-12,5.62,5.62,5.72,5.59,6560487.0,37086272.0
2011-05-13,5.62,5.72,5.75,5.62,8673712.0,49275680.0
2011-05-16,5.72,5.72,5.72,5.72,0.0,0.0
2011-05-17,5.67,5.54,5.69,5.51,14073933.0,78238832.0
2011-05-18,5.54,5.54,5.58,5.52,4766770.0,26430262.0
2011-05-19,5.55,5.61,5.75,5.55,10261751.0,58050012.0
2011-05-20,5.58,5.62,5.67,5.55,4532437.0,25491116.0
2011-05-23,5.6,5.34,5.64,5.34,7267619.0,39796200.0
2011-05-24,5.34,5.31,5.35,5.19,7837225.0,41126576.0
2011-05-25,5.31,5.22,5.33,5.19,5212917.0,27331246.0
2011-05-26,5.24,5.18,5.33,5.13,7686072.0,40220516.0
2011-05-27,5.2,5.06,5.23,5.01,7680783.0,39173540.0
2011-05-30,5.05,5.11,5.18,4.96,6633926.0,33932324.0
2011-05-31,5.05,5.14,5.16,5.01,5847806.0,29741256.0
2011-06-01,5.15,5.21,5.25,5.11,7801270.0,40517704.0
2011-06-02,5.21,5.21,5.21,5.21,0.0,0.0
2011-06-03,5.1,5.27,5.33,5.09,7825626.0,41117648.0
2011-06-07,5.18,5.31,5.34,5.18,7041654.0,37205064.0
2011-06-08,5.38,5.43,5.48,5.27,15538656.0,83733400.0
2011-06-09,5.39,5.34,5.42,5.3,8112176.0,43567888.0
2011-06-10,5.34,5.31,5.42,5.26,14006094.0,75062912.0
2011-06-13,5.3,5.39,5.48,5.3,12333264.0,66618944.0
2011-06-14,5.36,5.47,5.49,5.33,11709160.0,63623908.0
2011-06-15,5.46,5.48,5.55,5.4,15658555.0,85580744.0
2011-06-16,5.41,5.38,5.55,5.32,11153670.0,60422232.0
2011-06-17,5.33,5.36,5.46,5.26,5302317.0,28482884.0
2011-06-20,5.31,5.32,5.42,5.23,6589188.0,34975416.0
2011-06-21,5.43,5.38,5.43,5.32,5315630.0,28585368.0
2011-06-22,5.35,5.41,5.48,5.33,9338011.0,50568944.0
2011-06-23,5.41,5.47,5.48,5.33,8475547.0,45989444.0
2011-06-24,5.42,5.72,5.9,5.42,30303528.0,170119456.0
2011-06-27,5.7,5.75,5.78,5.63,19558184.0,111643056.0
2011-06-28,5.72,5.75,5.81,5.62,11849235.0,67957304.0
2011-06-29,5.7,5.61,5.79,5.6,9656413.0,54840196.0
2011-06-30,5.6,5.67,5.7,5.59,9014987.0,51016216.0
2011-07-01,5.68,5.62,5.73,5.59,10069126.0,56987504.0
2011-07-04,5.61,5.75,5.78,5.58,17738698.0,101295880.0
2011-07-05,5.76,5.81,5.83,5.7,11322138.0,65537604.0
2011-07-06,5.79,5.71,5.81,5.67,10550820.0,60328748.0
2011-07-07,5.7,5.66,5.77,5.63,10205328.0,58209440.0
2011-07-08,5.66,5.53,5.69,5.48,10078806.0,56214276.0
2011-07-11,5.51,5.58,5.61,5.49,6850492.0,38116056.0
2011-07-12,5.55,5.57,5.61,5.5,6105262.0,33859712.0
2011-07-13,5.53,5.68,5.73,5.53,9906090.0,56175760.0
2011-07-14,5.71,5.7,5.77,5.64,7525639.0,42989400.0
2011-07-15,5.68,5.81,5.82,5.68,14680528.0,84962184.0
2011-07-18,5.82,5.88,5.93,5.81,16406319.0,96344480.0
2011-07-19,5.86,5.8,5.87,5.74,9333318.0,54078160.0
2011-07-20,5.8,5.99,6.0,5.78,25956921.0,153688032.0
2011-07-21,5.95,5.92,6.07,5.91,19054594.0,114051408.0
2011-07-22,5.92,5.89,6.02,5.88,11821205.0,70285240.0
2011-07-25,5.86,5.96,6.09,5.81,30008253.0,178626960.0
2011-07-26,5.92,5.74,5.98,5.51,27130025.0,156037296.0
2011-07-27,5.66,5.84,5.88,5.62,10722682.0,62143336.0
2011-07-28,5.79,6.01,6.1,5.74,29257499.0,175232320.0
2011-07-29,6.03,5.96,6.17,5.92,27926738.0,168509696.0
2011-08-01,5.89,5.87,5.93,5.76,15189499.0,88954992.0
2011-08-02,5.87,5.99,6.03,5.75,30673547.0,181172304.0
2011-08-03,5.91,6.13,6.2,5.89,38506308.0,234944096.0
2011-08-04,6.13,6.1,6.22,6.09,20194831.0,123940856.0
2011-08-05,5.91,6.04,6.14,5.87,20188223.0,122243944.0
2011-08-08,5.96,6.18,6.2,5.88,45295994.0,275442976.0
2011-08-09,6.0,6.19,6.29,5.63,41708396.0,254636480.0
2011-08-10,6.34,6.29,6.53,6.22,55788755.0,354623776.0
2011-08-11,6.19,6.38,6.4,6.16,35058533.0,220920768.0
2011-08-12,6.41,6.46,6.58,6.36,38248388.0,247985344.0
2011-08-15,6.46,6.46,6.46,6.46,0.0,0.0
2011-08-16,6.48,6.27,6.53,6.2,34288988.0,216711744.0
2011-08-17,6.23,6.27,6.3,6.14,16796598.0,104512000.0
2011-08-18,6.28,6.13,6.34,6.12,14991457.0,93653016.0
2011-08-19,6.01,6.04,6.08,5.85,17495021.0,104503936.0
2011-08-22,5.98,5.99,6.16,5.93,12531683.0,76002536.0
2011-08-23,5.99,6.01,6.08,5.91,13979796.0,83936160.0
2011-08-24,6.04,6.13,6.16,6.04,13743347.0,83900368.0
2011-08-25,6.18,6.23,6.26,6.12,16549723.0,102771384.0
2011-08-26,6.22,6.23,6.29,6.17,9303043.0,57921348.0
2011-08-29,6.22,6.24,6.33,6.12,13788458.0,86070440.0
2011-08-30,6.27,6.09,6.33,6.08,11595653.0,71904256.0
2011-08-31,6.08,6.07,6.1,5.92,13520061.0,81102544.0
2011-09-01,6.05,5.98,6.05,5.92,10936297.0,65454512.0
2011-09-02,5.96,5.9,6.02,5.83,7537339.0,44397792.0
2011-09-05,5.85,5.68,5.89,5.65,7895801.0,45640724.0
2011-09-06,5.65,5.49,5.67,5.46,10503228.0,58108616.0
2011-09-07,5.52,5.67,5.68,5.51,8315542.0,46606676.0
2011-09-08,5.72,5.68,5.76,5.62,7237300.0,41313080.0
2011-09-09,5.63,5.71,5.8,5.63,4274160.0,24452704.0
2011-09-13,5.62,5.57,5.69,5.35,10440746.0,57724380.0
2011-09-14,5.59,5.4,5.62,5.15,21520944.0,113988672.0
2011-09-15,5.39,5.32,5.41,5.29,9565258.0,51240820.0
2011-09-16,5.37,5.35,5.4,5.24,6874175.0,36711888.0
2011-09-19,5.29,5.36,5.42,5.25,4830961.0,25893500.0
2011-09-20,5.38,5.41,5.42,5.27,8105622.0,43478384.0
2011-09-21,5.43,5.62,5.66,5.38,15000321.0,83249872.0
2011-09-22,5.55,5.52,5.73,5.51,10217158.0,57518864.0
2011-09-23,5.36,5.42,5.55,5.31,6347317.0,34484632.0
2011-09-26,5.39,5.42,5.51,5.36,4392421.0,23853772.0
2011-09-27,5.46,5.39,5.5,5.32,3097332.0,16724601.0
2011-09-28,5.41,5.3,5.49,5.29,4981987.0,26887008.0
2011-09-29,5.27,5.19,5.39,5.18,4520193.0,23664964.0
2011-09-30,5.15,5.28,5.29,5.15,3786357.0,19761934.0
2011-10-10,5.27,5.29,5.37,5.24,2823571.0,15007789.0
2011-10-11,5.43,5.31,5.45,5.24,3938077.0,21003288.0
2011-10-12,5.3,5.53,5.62,5.3,8965370.0,49332132.0
2011-10-13,5.53,5.53,5.53,5.53,0.0,0.0
2011-10-14,5.62,5.52,5.64,5.48,7203308.0,39988040.0
2011-10-17,5.54,5.64,5.65,5.54,7942888.0,44604336.0
2011-10-18,5.6,5.6,5.71,5.54,8645138.0,48715576.0
2011-10-19,5.62,5.62,5.67,5.55,6142030.0,34490520.0
2011-10-20,5.65,5.37,5.65,5.35,5996927.0,32749404.0
2011-10-21,5.38,5.37,5.43,5.3,2897136.0,15590357.0
2011-10-24,5.34,5.52,5.52,5.34,6091686.0,33131696.0
2011-10-25,5.49,5.6,5.62,5.44,7797942.0,43320080.0
2011-10-26,5.56,5.6,5.7,5.54,7000129.0,39346288.0
2011-10-27,5.62,5.62,5.69,5.58,4496917.0,25271844.0
2011-10-28,5.67,5.82,5.84,5.6,14756191.0,84251992.0
2011-10-31,5.84,5.85,5.93,5.81,11645304.0,68347728.0
2011-11-01,5.77,5.73,5.91,5.39,12553981.0,72686952.0
2011-11-02,5.62,5.86,5.86,5.59,6747796.0,38740652.0
2011-11-03,5.91,5.93,6.2,5.91,17990394.0,108191272.0
2011-11-04,5.94,5.97,6.01,5.86,8457603.0,50283872.0
2011-11-07,5.97,5.97,6.08,5.85,18829935.0,112284072.0
2011-11-08,5.96,5.93,6.08,5.85,20723348.0,123262912.0
2011-11-09,5.92,5.94,5.96,5.82,16126376.0,95119008.0
2011-11-10,5.85,5.91,5.98,5.83,8617480.0,50732208.0
2011-11-11,5.88,5.97,6.01,5.85,14222781.0,84723856.0
2011-11-14,6.03,6.04,6.08,5.95,20098206.0,120930824.0
2011-11-15,6.03,5.96,6.07,5.93,16127303.0,96760480.0
2011-11-16,5.94,5.82,6.05,5.82,9833050.0,57918824.0
2011-11-17,5.82,5.85,5.92,5.79,9331617.0,54606420.0
2011-11-18,5.82,5.62,5.89,5.62,9495777.0,54649148.0
2011-11-21,5.62,5.65,5.81,5.62,22785346.0,128997624.0
2011-11-22,5.6,5.64,5.74,5.53,26677060.0,150316624.0
2011-11-23,5.66,5.75,5.82,5.59,21543257.0,123002688.0
2011-11-24,5.71,5.81,5.83,5.69,12652845.0,73146240.0
2011-11-25,5.78,5.78,5.83,5.76,6888048.0,39960772.0
2011-11-28,5.78,5.77,5.83,5.71,6755736.0,39019828.0
2011-11-29,5.84,5.91,5.92,5.78,11123865.0,65139384.0
2011-11-30,5.89,5.7,5.9,5.46,12511895.0,71456944.0
2011-12-01,5.82,5.73,5.88,5.71,15103019.0,87416488.0
2011-12-02,5.67,5.52,5.7,5.49,10425540.0,57852024.0
2011-12-05,5.48,5.38,5.58,5.33,7138277.0,38463008.0
2011-12-06,5.3,5.41,5.43,5.3,5447357.0,29220220.0
2011-12-07,5.37,5.4,5.45,5.31,6690070.0,35867512.0
2011-12-08,5.39,5.39,5.42,5.3,4013805.0,21514690.0
2011-12-09,5.37,5.23,5.37,5.15,8661850.0,45627192.0
2011-12-12,5.24,5.11,5.24,5.11,3852122.0,19955536.0
2011-12-13,5.1,4.86,5.1,4.79,8570244.0,41911332.0
2011-12-14,4.81,4.77,4.95,4.7,10260698.0,49187168.0
2011-12-15,4.76,4.58,4.78,4.58,10944569.0,50857744.0
2011-12-16,4.58,4.7,4.7,4.48,9731098.0,44432928.0
2011-12-19,4.63,4.72,4.73,4.58,6021132.0,27969328.0
2011-12-20,4.66,4.69,4.76,4.66,3707396.0,17438628.0
2011-12-21,4.72,4.43,4.74,4.41,7096911.0,32535958.0
2011-12-22,4.39,4.32,4.42,4.1,12817234.0,54050560.0
2011-12-23,4.24,4.27,4.36,4.23,7872355.0,33790196.0
2011-12-26,4.27,4.26,4.34,4.2,8287980.0,35513676.0
2011-12-27,4.24,4.12,4.26,4.09,4924066.0,20509852.0
2011-12-28,4.09,4.27,4.32,3.96,9550251.0,39118836.0
2011-12-29,4.22,4.24,4.29,4.21,6402091.0,27280360.0
2011-12-30,4.28,4.4,4.44,4.25,7986273.0,34867156.0
2012-01-04,4.4,4.31,4.49,4.3,5134756.0,22642692.0
2012-01-05,4.27,4.05,4.33,3.99,7542349.0,30973268.0
2012-01-06,4.06,3.86,4.06,3.81,14929651.0,58130972.0
2012-01-09,3.87,4.04,4.05,3.69,24118466.0,93409256.0
2012-01-10,4.0,4.31,4.32,3.97,24406839.0,102758520.0
2012-01-11,4.32,4.32,4.36,4.24,13856081.0,59571576.0
2012-01-12,4.29,4.24,4.33,4.22,9031143.0,38614788.0
2012-01-13,4.25,4.01,4.26,4.0,13535604.0,55335056.0
2012-01-16,3.96,3.84,4.09,3.81,7836514.0,30870450.0
2012-01-17,3.84,4.1,4.13,3.81,14234710.0,56118644.0
2012-01-18,4.09,3.87,4.15,3.85,13727216.0,54973480.0
2012-01-19,3.88,3.93,3.98,3.85,7524118.0,29471058.0
2012-01-20,3.97,4.08,4.09,3.94,8776660.0,35445392.0
2012-01-30,4.08,4.12,4.17,4.01,8437917.0,34493144.0
2012-01-31,4.1,4.12,4.15,4.06,7246011.0,29687120.0
2012-02-01,4.1,4.17,4.24,4.06,13046861.0,54487464.0
2012-02-02,4.25,4.22,4.27,4.14,15533378.0,65349208.0
2012-02-03,4.22,4.26,4.26,4.12,16103895.0,67682632.0
2012-02-06,4.26,4.29,4.33,4.22,13475370.0,57582180.0
2012-02-07,4.28,4.16,4.28,4.14,9958041.0,41763448.0
2012-02-08,4.16,4.26,4.28,4.13,7310861.0,30824538.0
2012-02-09,4.24,4.31,4.35,4.23,12611218.0,54336412.0
2012-02-10,4.31,4.33,4.39,4.24,12206811.0,52814716.0
2012-02-13,4.33,4.4,4.42,4.29,13316999.0,57860912.0
2012-02-14,4.39,4.35,4.41,4.34,10773871.0,47003912.0
2012-02-15,4.34,4.44,4.5,4.31,19075527.0,83577656.0
2012-02-16,4.61,4.36,4.61,4.31,29001547.0,127561504.0
2012-02-17,4.37,4.31,4.38,4.26,10577927.0,45653316.0
2012-02-20,4.36,4.33,4.38,4.22,46834114.0,200825888.0
2012-02-21,4.31,4.31,4.36,4.24,23915048.0,102705472.0
2012-02-22,4.33,4.38,4.39,4.29,37802501.0,164020208.0
2012-02-23,4.38,4.47,4.49,4.36,49116434.0,217546080.0
2012-02-24,4.44,4.51,4.53,4.44,34255917.0,153549648.0
2012-02-27,4.51,4.58,4.61,4.49,42954560.0,195592832.0
2012-02-28,4.55,4.64,4.66,4.5,35500994.0,163113920.0
2012-02-29,4.65,4.53,4.66,4.5,25815877.0,118082552.0
2012-03-01,4.5,4.51,4.56,4.49,12468458.0,56445528.0
2012-03-02,4.52,4.6,4.63,4.52,14598792.0,66868784.0
2012-03-05,4.62,4.54,4.63,4.53,21162237.0,96794584.0
2012-03-06,4.53,4.46,4.56,4.45,14186607.0,63584384.0
2012-03-07,4.41,4.37,4.43,4.35,20796779.0,91324736.0
2012-03-08,4.39,4.45,4.46,4.38,18099705.0,80026272.0
2012-03-09,4.46,4.6,4.61,4.46,34111477.0,154800608.0
2012-03-12,4.62,4.64,4.81,4.57,43770969.0,205379168.0
2012-03-13,4.63,4.89,4.93,4.63,53158529.0,256144896.0
2012-03-14,4.9,4.77,5.02,4.72,61111416.0,297938176.0
2012-03-15,4.78,4.9,4.94,4.77,43591696.0,212681152.0
2012-03-16,4.88,5.07,5.17,4.85,45410397.0,227489216.0
2012-03-19,5.07,5.03,5.13,4.97,30401420.0,153051792.0
2012-03-20,4.98,4.83,5.06,4.79,28973257.0,141759840.0
2012-03-21,4.89,4.72,4.89,4.64,28796503.0,136084592.0
2012-03-22,4.71,4.75,4.8,4.63,18323001.0,86248712.0
2012-03-23,4.7,4.7,4.79,4.6,14833181.0,69669424.0
2012-03-26,4.67,4.75,4.77,4.67,11532666.0,54458196.0
2012-03-27,4.8,4.57,4.8,4.56,15276331.0,71127408.0
2012-03-28,4.54,4.48,4.56,4.41,12952685.0,57998608.0
2012-03-29,4.45,4.51,4.54,4.34,14929748.0,66603140.0
2012-03-30,4.48,4.44,4.54,4.38,7596811.0,33810512.0
2012-04-05,4.46,4.6,4.62,4.46,13073949.0,59578460.0
2012-04-06,4.6,4.61,4.64,4.53,8954524.0,41118860.0
2012-04-09,4.6,4.42,4.6,4.4,13646094.0,60998620.0
2012-04-10,4.41,4.36,4.43,4.17,19787272.0,85214344.0
2012-04-11,4.28,4.33,4.37,4.23,8152298.0,35110144.0
2012-04-12,4.34,4.42,4.45,4.29,14984010.0,65521864.0
2012-04-13,4.4,4.48,4.5,4.39,14541890.0,64666512.0
2012-04-16,4.44,4.41,4.46,4.36,14654321.0,64575496.0
2012-04-17,4.4,4.29,4.43,4.26,14682355.0,63400648.0
2012-04-18,4.3,4.38,4.41,4.27,15966002.0,69458000.0
2012-04-19,4.38,4.38,4.38,4.38,0.0,0.0
2012-04-20,4.39,4.5,4.52,4.36,47898445.0,212424768.0
2012-04-23,4.45,4.43,4.58,4.4,30313375.0,135903648.0
2012-04-24,4.39,4.32,4.41,4.18,22722166.0,97569048.0
2012-04-25,4.32,4.43,4.47,4.25,23295717.0,102953664.0
2012-04-26,4.43,4.4,4.46,4.35,13938997.0,61285616.0
2012-04-27,4.4,4.31,4.43,4.27,13939339.0,60582656.0
2012-05-02,4.38,4.36,4.39,4.29,18426920.0,80006400.0
2012-05-03,4.34,4.49,4.49,4.33,23698456.0,105297832.0
2012-05-04,4.49,4.6,4.62,4.46,31981196.0,145841024.0
2012-05-07,4.58,4.61,4.61,4.54,21578101.0,98814536.0
2012-05-08,4.59,4.56,4.6,4.52,16563206.0,75479192.0
2012-05-09,4.55,4.46,4.55,4.44,14683150.0,65599168.0
2012-05-10,4.39,4.48,4.49,4.39,8596954.0,38236428.0
2012-05-11,4.48,4.46,4.55,4.38,19206920.0,85505384.0
2012-05-14,4.49,4.45,4.51,4.41,20133530.0,89903200.0
2012-05-15,4.41,4.41,4.48,4.33,12075193.0,53203972.0
2012-05-16,4.4,4.4,4.47,4.36,12267010.0,54027436.0
2012-05-17,4.47,4.48,4.48,4.4,22767141.0,101293200.0
2012-05-18,4.47,4.37,4.49,4.33,25294952.0,111468504.0
2012-05-21,4.3,4.16,4.35,4.1,24206492.0,101535840.0
2012-05-22,4.18,4.18,4.29,4.14,22745476.0,95087512.0
2012-05-23,4.19,4.1,4.19,4.05,24131068.0,99380696.0
2012-05-24,4.08,3.98,4.13,3.97,14457972.0,58708124.0
2012-05-25,3.98,3.86,4.0,3.84,17874516.0,69402688.0
2012-05-28,3.82,3.89,3.92,3.76,13642356.0,52230932.0
2012-05-29,3.88,3.94,3.95,3.85,18508528.0,72496144.0
2012-05-30,3.93,4.0,4.07,3.9,20428228.0,81387976.0
2012-05-31,3.97,4.05,4.09,3.95,20554260.0,82999824.0
2012-06-01,4.05,4.15,4.19,4.05,28077541.0,116066352.0
2012-06-04,4.08,4.04,4.22,4.01,23080024.0,94691944.0
2012-06-05,4.08,4.01,4.1,3.98,9016231.0,36215964.0
2012-06-06,4.02,4.05,4.15,4.01,13753195.0,56111440.0
2012-06-07,4.08,4.03,4.14,3.97,12987800.0,52706296.0
2012-06-08,4.06,3.77,4.07,3.74,32347961.0,124542416.0
2012-06-11,3.76,3.81,3.82,3.7,12390277.0,46558740.0
2012-06-12,3.76,3.74,3.81,3.71,9489597.0,35607096.0
2012-06-13,3.75,3.83,3.85,3.74,20755972.0,78605704.0
2012-06-14,3.8,3.86,3.92,3.79,20749167.0,80204536.0
2012-06-15,3.86,3.88,3.95,3.84,13232872.0,51470232.0
2012-06-18,3.91,3.9,3.96,3.87,9152238.0,35719920.0
2012-06-19,3.9,3.87,3.92,3.84,5985799.0,23181772.0
2012-06-20,3.87,3.86,3.92,3.85,10187258.0,39553644.0
2012-06-21,3.85,3.77,3.85,3.75,6490780.0,24499476.0
2012-06-25,3.75,3.62,3.77,3.59,9796205.0,35938020.0
2012-06-26,3.62,3.59,3.63,3.45,16063597.0,56992032.0
2012-06-27,3.55,3.53,3.64,3.52,13365279.0,47776824.0
2012-06-28,3.54,3.4,3.55,3.39,17229683.0,59784024.0
2012-06-29,3.38,3.4,3.41,3.32,17383271.0,58499056.0
2012-07-02,3.41,3.52,3.54,3.41,13385846.0,46656424.0
2012-07-03,3.53,3.6,3.63,3.49,18606632.0,66825656.0
2012-07-04,3.62,3.72,3.75,3.6,24648161.0,90886480.0
2012-07-05,3.7,3.67,3.73,3.65,15634635.0,57667372.0
2012-07-06,3.69,3.88,3.89,3.68,21943072.0,83017360.0
2012-07-09,3.87,3.91,4.0,3.82,24144831.0,95380840.0
2012-07-10,3.88,3.88,4.05,3.84,17630164.0,69966576.0
2012-07-11,3.88,3.89,3.94,3.76,13202649.0,50795536.0
2012-07-12,3.89,4.1,4.16,3.84,25373482.0,102604064.0
2012-07-13,4.07,4.12,4.14,4.03,12571214.0,51425764.0
2012-07-16,4.1,4.15,4.26,4.1,27442336.0,115354264.0
2012-07-17,4.17,4.21,4.25,4.04,16321427.0,67806176.0
2012-07-18,4.21,4.3,4.4,4.21,29237349.0,126074144.0
2012-07-19,4.29,4.28,4.35,4.24,11560292.0,49542944.0
2012-07-20,4.24,4.28,4.3,4.12,14638938.0,61679304.0
2012-07-23,4.22,4.27,4.35,4.17,6673367.0,28437654.0
2012-07-24,4.23,4.23,4.26,4.1,10457704.0,43877752.0
2012-07-25,4.21,4.1,4.23,4.09,6922013.0,28793256.0
2012-07-26,4.1,3.95,4.14,3.92,14231724.0,57205444.0
2012-07-27,3.96,3.9,3.98,3.78,14459339.0,56028248.0
2012-07-30,3.88,3.83,3.91,3.82,5304211.0,20493696.0
2012-07-31,3.83,3.92,3.95,3.79,10852173.0,42486848.0
2012-08-01,3.89,3.95,4.0,3.84,11074644.0,43559312.0
2012-08-02,3.94,4.02,4.04,3.91,9413375.0,37515496.0
2012-08-03,4.01,4.12,4.13,3.98,7834156.0,31759078.0
2012-08-06,4.11,4.2,4.22,4.07,9267847.0,38679516.0
2012-08-07,4.2,4.2,4.22,4.16,5575774.0,23377810.0
2012-08-08,4.2,4.1,4.2,4.03,10188171.0,41744388.0
2012-08-09,4.08,4.13,4.17,4.06,7179620.0,29696174.0
2012-08-10,4.14,4.12,4.17,4.06,5746449.0,23659284.0
2012-08-13,4.11,4.08,4.22,4.05,7883456.0,32554800.0
2012-08-14,4.05,4.11,4.12,3.95,7959826.0,32052494.0
2012-08-15,4.09,4.1,4.13,4.05,3337652.0,13661708.0
2012-08-16,4.08,4.05,4.11,3.98,3703011.0,15008054.0
2012-08-17,4.05,4.0,4.08,3.96,4937207.0,19779942.0
2012-08-20,3.97,3.98,4.0,3.86,4143716.0,16207756.0
2012-08-21,3.96,3.98,4.04,3.95,4978789.0,19848646.0
2012-08-22,4.01,4.14,4.14,3.98,13417483.0,54727204.0
2012-08-23,4.16,4.13,4.21,4.08,17070229.0,70852368.0
2012-08-24,4.13,4.0,4.15,3.97,11438049.0,45984588.0
2012-08-27,3.98,3.95,4.0,3.89,3569399.0,14069501.0
2012-08-28,3.93,3.93,3.99,3.88,3710733.0,14573038.0
2012-08-29,3.92,3.88,3.97,3.88,3903209.0,15299578.0
2012-08-30,3.86,3.72,3.89,3.67,7041162.0,26543128.0
2012-08-31,3.72,3.73,3.77,3.66,7942699.0,29402012.0
2012-09-03,3.75,3.82,3.89,3.73,6357595.0,24380116.0
2012-09-04,3.81,3.88,3.97,3.8,9999841.0,39104648.0
2012-09-05,3.87,3.88,3.92,3.84,4391357.0,17074888.0
2012-09-06,3.88,3.91,3.95,3.87,3777191.0,14716294.0
2012-09-07,3.91,4.0,4.06,3.89,15343061.0,61342912.0
2012-09-10,4.04,4.11,4.2,4.04,25225206.0,104095072.0
2012-09-11,4.17,4.19,4.27,4.14,25716174.0,108070752.0
2012-09-12,4.22,4.23,4.29,4.16,14086410.0,59588216.0
2012-09-13,4.21,4.18,4.26,4.17,8582731.0,36138260.0
2012-09-14,4.22,4.21,4.26,4.09,7597319.0,31635208.0
2012-09-17,4.19,4.11,4.28,4.1,13103167.0,55043040.0
2012-09-18,4.12,4.09,4.17,4.07,5128333.0,21031308.0
2012-09-19,4.09,4.21,4.22,4.07,9602844.0,39990508.0
2012-09-20,4.22,4.05,4.24,4.03,9836321.0,40627800.0
2012-09-21,4.04,4.1,4.13,3.96,9467819.0,38508556.0
2012-09-24,4.04,4.09,4.1,3.93,6901087.0,27849832.0
2012-09-25,4.06,4.06,4.12,4.03,6492384.0,26407544.0
2012-09-26,4.05,3.82,4.07,3.73,17304418.0,66354416.0
2012-09-27,3.8,3.93,3.93,3.74,10914929.0,41931260.0
2012-09-28,3.89,4.07,4.1,3.88,12925354.0,51501320.0
2012-10-08,4.07,4.04,4.12,4.01,6543994.0,26510108.0
2012-10-09,4.05,4.13,4.14,4.05,7481088.0,30680254.0
2012-10-10,4.13,4.28,4.29,4.13,18509448.0,78366920.0
2012-10-11,4.24,4.22,4.34,4.2,18200777.0,77617576.0
2012-10-12,4.24,4.24,4.29,4.17,10257338.0,43420012.0
2012-10-15,4.27,4.18,4.31,4.13,11240715.0,47290192.0
2012-10-16,4.18,4.31,4.33,4.14,28085497.0,119302976.0
2012-10-17,4.35,4.24,4.4,4.21,18041905.0,77305712.0
2012-10-18,4.22,4.24,4.29,4.2,12393588.0,52629104.0
2012-10-19,4.24,4.29,4.3,4.21,10571383.0,44895200.0
2012-10-22,4.26,4.34,4.35,4.21,17877538.0,76895496.0
2012-10-23,4.34,4.29,4.37,4.28,14032264.0,60838408.0
2012-10-24,4.26,4.18,4.26,4.13,13547753.0,56766136.0
2012-10-25,4.19,4.15,4.23,4.14,6911753.0,28904104.0
2012-10-26,4.15,4.01,4.15,3.84,17550420.0,70392752.0
2012-10-29,4.01,4.07,4.08,3.96,8769376.0,35381684.0
2012-10-30,4.05,4.05,4.09,4.02,5774522.0,23416042.0
2012-10-31,4.03,3.96,4.06,3.95,10411906.0,41497416.0
2012-11-01,3.96,3.98,3.98,3.81,26593604.0,104257344.0
2012-11-02,3.96,3.93,4.0,3.93,15566550.0,61638204.0
2012-11-05,3.93,3.93,3.97,3.89,12405692.0,48713328.0
2012-11-06,3.94,4.01,4.01,3.87,14424047.0,56884360.0
2012-11-07,4.02,3.98,4.08,3.94,19510413.0,78234176.0
2012-11-08,3.93,3.85,3.93,3.84,13592940.0,52786584.0
2012-11-09,3.84,3.85,3.88,3.81,8427884.0,32407060.0
2012-11-12,3.87,3.87,3.88,3.84,8967518.0,34583064.0
2012-11-13,3.84,3.76,3.87,3.76,7947587.0,30233424.0
2012-11-14,3.76,3.87,3.87,3.76,9178861.0,35041620.0
2012-11-15,3.85,3.78,3.87,3.77,6019037.0,23039316.0
2012-11-16,3.77,3.75,3.79,3.69,4069711.0,15171083.0
2012-11-19,3.75,3.76,3.78,3.69,3626685.0,13580775.0
2012-11-20,3.79,3.78,3.8,3.74,4935580.0,18645522.0
2012-11-21,3.78,3.81,3.82,3.72,4472548.0,16908556.0
2012-11-22,3.76,3.75,3.82,3.74,5877849.0,22175440.0
2012-11-23,3.77,3.75,3.81,3.75,6955996.0,26221802.0
2012-11-26,3.75,3.51,3.75,3.48,16704760.0,59859248.0
2012-11-27,3.5,3.26,3.5,3.19,18598422.0,61876416.0
2012-11-28,3.26,3.1,3.26,3.04,31646402.0,97927544.0
2012-11-29,3.09,3.11,3.16,3.08,17922921.0,55930320.0
2012-11-30,3.12,3.13,3.15,3.03,12137385.0,37736780.0
2012-12-03,3.13,2.94,3.15,2.93,21801562.0,66048848.0
2012-12-04,2.94,2.89,2.97,2.76,37663127.0,107353304.0
2012-12-05,2.88,2.98,3.06,2.85,36080765.0,107747920.0
2012-12-06,3.02,3.06,3.17,3.02,37402116.0,115393440.0
2012-12-07,3.07,3.23,3.23,3.05,49794699.0,157700256.0
2012-12-10,3.25,3.28,3.35,3.22,46059976.0,151657840.0
2012-12-11,3.29,3.24,3.29,3.22,20524214.0,66878468.0
2012-12-12,3.25,3.24,3.28,3.17,17836655.0,57383912.0
2012-12-13,3.21,3.2,3.28,3.18,14685650.0,47450356.0
2012-12-14,3.2,3.34,3.35,3.2,32894605.0,108562496.0
2012-12-17,3.35,3.4,3.4,3.31,30890706.0,103716816.0
2012-12-18,3.4,3.35,3.44,3.33,23900969.0,81048056.0
2012-12-19,3.35,3.37,3.43,3.32,18153901.0,61381672.0
2012-12-20,3.33,3.38,3.38,3.33,14143801.0,47468164.0
2012-12-21,3.38,3.4,3.47,3.37,20087981.0,68570064.0
2012-12-24,3.41,3.4,3.44,3.37,16026634.0,54447712.0
2012-12-25,3.4,3.48,3.5,3.36,27554397.0,94960224.0
2012-12-26,3.47,3.55,3.55,3.46,22782293.0,79870336.0
2012-12-27,3.54,3.5,3.56,3.49,16413462.0,57681552.0
2012-12-28,3.48,3.5,3.51,3.43,15248055.0,53016540.0
2012-12-31,3.5,3.51,3.53,3.48,14945469.0,52413584.0
2013-01-04,3.53,3.39,3.55,3.37,33849092.0,115934376.0
2013-01-07,3.39,3.51,3.53,3.35,26511398.0,91454952.0
2013-01-08,3.52,3.73,3.81,3.51,51109436.0,187160352.0
2013-01-09,3.73,3.91,3.98,3.7,50011663.0,193331296.0
2013-01-10,3.91,3.87,3.93,3.84,19733526.0,76389568.0
2013-01-11,3.93,3.83,3.95,3.79,17124874.0,65852944.0
2013-01-14,3.8,3.98,4.0,3.78,26475953.0,104221368.0
2013-01-15,3.99,4.07,4.17,3.94,37005934.0,151130880.0
2013-01-16,4.09,4.07,4.17,3.97,33965402.0,138494624.0
2013-01-17,4.07,3.92,4.07,3.87,23758875.0,93705400.0
2013-01-18,3.95,3.99,4.0,3.88,16770673.0,66324388.0
2013-01-21,3.99,3.96,4.0,3.93,12095801.0,47911984.0
2013-01-22,3.98,3.9,3.98,3.83,19710124.0,76650752.0
2013-01-23,3.88,3.84,3.89,3.74,14681669.0,56060620.0
2013-01-24,3.83,3.69,3.93,3.65,25247244.0,95274680.0
2013-01-25,3.69,3.65,3.73,3.63,13625309.0,49918992.0
2013-01-28,3.65,3.75,3.76,3.65,25702442.0,95559944.0
2013-01-29,3.74,3.8,3.81,3.71,19072538.0,71797480.0
2013-01-30,3.81,3.7,3.81,3.64,31765123.0,118010488.0
2013-01-31,3.71,3.65,3.71,3.58,26754043.0,97086576.0
2013-02-01,3.69,3.8,3.81,3.66,46327627.0,173509984.0
2013-02-04,3.81,3.77,3.82,3.71,31409674.0,118300240.0
2013-02-05,3.74,3.86,3.86,3.74,26770996.0,101830712.0
2013-02-06,3.84,3.85,3.89,3.82,18583040.0,71599632.0
2013-02-07,3.86,3.8,3.87,3.77,30750633.0,117715024.0
2013-02-08,3.8,3.8,3.83,3.75,26756672.0,101285328.0
2013-02-18,3.79,3.88,3.89,3.79,30633902.0,117818704.0
2013-02-19,3.87,3.83,3.9,3.81,18060965.0,69470072.0
2013-02-20,3.83,3.82,3.84,3.72,21152926.0,79696440.0
2013-02-21,3.79,3.65,3.79,3.62,35556288.0,130907640.0
2013-02-22,3.61,3.61,3.66,3.59,24334900.0,88095896.0
2013-02-25,3.62,3.62,3.66,3.61,19887447.0,72232192.0
2013-02-26,3.61,3.53,3.66,3.52,24403233.0,88026560.0
2013-02-27,3.53,3.48,3.58,3.4,27247415.0,94616056.0
2013-02-28,3.49,3.55,3.55,3.47,18772911.0,65966352.0
2013-03-01,3.56,3.59,3.59,3.52,15828393.0,56319616.0
2013-03-04,3.56,3.46,3.57,3.44,19531835.0,68496368.0
2013-03-05,3.45,3.57,3.59,3.44,18370487.0,64654352.0
2013-03-06,3.59,3.57,3.6,3.55,16015963.0,57223712.0
2013-03-07,3.58,3.57,3.64,3.54,17507287.0,62954644.0
2013-03-08,3.57,3.53,3.6,3.52,11268856.0,40060804.0
2013-03-11,3.55,3.59,3.63,3.54,19900556.0,71595296.0
2013-03-12,3.6,3.51,3.63,3.46,16394729.0,57957588.0
2013-03-13,3.5,3.49,3.53,3.44,10620812.0,36898888.0
2013-03-14,3.49,3.47,3.52,3.45,6927619.0,24104236.0
2013-03-15,3.49,3.45,3.51,3.44,12743230.0,44240240.0
2013-03-18,3.45,3.37,3.45,3.35,11950110.0,40727224.0
2013-03-19,3.37,3.39,3.4,3.25,16008231.0,53200944.0
2013-03-20,3.37,3.47,3.49,3.36,14299472.0,49024124.0
2013-03-21,3.47,3.5,3.52,3.46,13967350.0,48803320.0
2013-03-22,3.49,3.48,3.5,3.46,7985006.0,27784320.0
2013-03-25,3.5,3.5,3.5,3.47,6903635.0,24062600.0
2013-03-26,3.48,3.5,3.5,3.37,21107776.0,71997912.0
2013-03-27,3.46,3.46,3.48,3.41,15206087.0,52392504.0
2013-03-28,3.44,3.4,3.46,3.35,17466927.0,59145072.0
2013-03-29,3.4,3.42,3.46,3.39,7341297.0,25211756.0
2013-04-01,3.42,3.42,3.43,3.36,12458624.0,42257352.0
2013-04-02,3.42,3.41,3.43,3.36,13349457.0,45365916.0
2013-04-03,3.41,3.38,3.41,3.36,7994347.0,27072170.0
2013-04-08,3.36,3.58,3.6,3.34,50898494.0,177880304.0
2013-04-09,3.55,3.52,3.57,3.49,38442563.0,135126672.0
2013-04-10,3.5,3.46,3.52,3.43,14819554.0,51385480.0
2013-04-11,3.46,3.41,3.53,3.4,18958899.0,65778608.0
2013-04-12,3.4,3.37,3.4,3.36,12592466.0,42482488.0
2013-04-15,3.33,3.34,3.43,3.32,14740744.0,49711976.0
2013-04-16,3.27,3.26,3.28,3.18,21923772.0,70623936.0
2013-04-17,3.25,3.23,3.28,3.2,11066834.0,35751584.0
2013-04-18,3.21,3.21,3.24,3.19,11324385.0,36387928.0
2013-04-19,3.2,3.27,3.28,3.2,16020645.0,52054056.0
2013-04-22,3.24,3.24,3.25,3.2,14081819.0,45420232.0
2013-04-23,3.24,3.14,3.25,3.14,13433565.0,42654416.0
2013-04-24,3.15,3.17,3.18,3.11,10645792.0,33582948.0
2013-04-25,3.16,3.05,3.17,3.05,20153953.0,62532096.0
2013-04-26,3.06,2.99,3.08,2.98,10532764.0,31936620.0
2013-05-02,2.97,2.99,3.01,2.97,9295284.0,27757810.0
2013-05-03,3.0,3.05,3.06,3.0,8890971.0,27026448.0
2013-05-06,3.06,3.08,3.11,3.05,9683327.0,29856904.0
2013-05-07,3.08,3.07,3.1,3.04,11001263.0,33731636.0
2013-05-08,3.08,3.07,3.09,3.05,13087168.0,40068708.0
2013-05-09,3.1,3.02,3.1,2.98,14735700.0,44626900.0
2013-05-10,3.02,3.05,3.05,2.99,15925043.0,48034628.0
2013-05-13,3.04,3.04,3.05,3.0,14251744.0,43108872.0
2013-05-14,3.04,3.0,3.04,2.98,12346769.0,37091176.0
2013-05-15,3.01,3.01,3.02,2.98,12883683.0,38658456.0
2013-05-16,3.02,3.06,3.06,2.98,23446235.0,70943848.0
2013-05-17,3.06,3.09,3.1,3.05,25403026.0,78076040.0
2013-05-20,3.11,3.19,3.22,3.1,35559170.0,112383792.0
2013-05-21,3.19,3.19,3.2,3.15,20299095.0,64501240.0
2013-05-22,3.19,3.21,3.24,3.18,25804952.0,82967128.0
2013-05-23,3.19,3.13,3.21,3.12,19798248.0,62637144.0
2013-05-24,3.14,3.18,3.2,3.14,16679769.0,52912480.0
2013-05-27,3.18,3.26,3.26,3.16,25415164.0,82033360.0
2013-05-28,3.27,3.26,3.29,3.24,27125416.0,88243544.0
2013-05-29,3.27,3.23,3.28,3.23,19971247.0,64896040.0
2013-05-30,3.22,3.2,3.23,3.15,27974130.0,89265544.0
2013-05-31,3.19,3.18,3.22,3.17,14590644.0,46661688.0
2013-06-03,3.17,3.17,3.2,3.15,14292287.0,45332660.0
2013-06-04,3.17,3.06,3.17,3.05,21575924.0,66856252.0
2013-06-05,3.06,3.07,3.08,3.01,15495138.0,47178424.0
2013-06-06,3.05,3.02,3.06,3.01,14884117.0,45074916.0
2013-06-07,3.03,2.99,3.05,2.96,13762741.0,41271792.0
2013-06-13,2.95,2.88,2.95,2.82,11846414.0,34120760.0
2013-06-14,2.88,2.88,2.9,2.87,9694632.0,27912452.0
2013-06-17,2.89,2.87,2.9,2.84,6125519.0,17589992.0
2013-06-18,2.87,2.89,2.89,2.85,6520705.0,18697436.0
2013-06-19,2.87,2.84,2.88,2.79,11028944.0,31127332.0
2013-06-20,2.82,2.77,2.84,2.77,9716231.0,27295264.0
2013-06-21,2.73,2.73,2.75,2.69,6960381.0,18954876.0
2013-06-24,2.72,2.52,2.72,2.52,13812915.0,36219420.0
2013-06-25,2.5,2.57,2.59,2.34,26406034.0,65351432.0
2013-06-26,2.58,2.56,2.62,2.51,13939923.0,35708496.0
2013-06-27,2.59,2.55,2.6,2.51,12589978.0,32199412.0
2013-06-28,2.54,2.55,2.59,2.51,13217607.0,33795816.0
2013-07-01,2.55,2.55,2.56,2.52,9147711.0,23246192.0
2013-07-02,2.55,2.55,2.56,2.51,13642347.0,34574460.0
2013-07-03,2.53,2.49,2.53,2.46,9685486.0,24180748.0
2013-07-04,2.48,2.53,2.53,2.45,12431812.0,31120752.0
2013-07-05,2.52,2.52,2.56,2.51,10503211.0,26569164.0
2013-07-08,2.51,2.42,2.51,2.42,11541637.0,28182212.0
2013-07-09,2.42,2.4,2.43,2.38,6333812.0,15234630.0
2013-07-10,2.4,2.46,2.47,2.39,8814203.0,21490328.0
2013-07-11,2.48,2.55,2.58,2.46,17824932.0,45051484.0
2013-07-12,2.54,2.51,2.57,2.5,12249698.0,31029972.0
2013-07-15,2.5,2.53,2.56,2.5,8626404.0,21843426.0
2013-07-16,2.53,2.57,2.57,2.5,14273461.0,36185256.0
2013-07-17,2.56,2.52,2.58,2.51,13139270.0,33346416.0
2013-07-18,2.52,2.48,2.52,2.47,8968346.0,22330832.0
2013-07-19,2.46,2.38,2.49,2.36,11424046.0,27836758.0
2013-07-22,2.37,2.39,2.4,2.34,6559065.0,15611386.0
2013-07-23,2.4,2.45,2.46,2.4,10395849.0,25380172.0
2013-07-24,2.44,2.43,2.45,2.4,9380120.0,22763040.0
2013-07-25,2.44,2.47,2.5,2.42,15197046.0,37491688.0
2013-07-26,2.45,2.45,2.47,2.43,7623415.0,18619640.0
2013-07-29,2.43,2.4,2.43,2.38,7939996.0,19081132.0
2013-07-30,2.4,2.4,2.43,2.37,5497818.0,13197557.0
2013-07-31,2.43,2.48,2.49,2.43,16409590.0,40305232.0
2013-08-01,2.55,2.53,2.58,2.52,28918425.0,73549784.0
2013-08-02,2.52,2.51,2.56,2.5,18649456.0,47092248.0
2013-08-05,2.52,2.62,2.64,2.51,28977547.0,74799072.0
2013-08-06,2.62,2.72,2.75,2.58,63308234.0,169060912.0
2013-08-07,2.7,2.64,2.72,2.64,38316356.0,102675336.0
2013-08-08,2.64,2.63,2.66,2.61,22714359.0,59757684.0
2013-08-09,2.63,2.63,2.65,2.58,16290053.0,42632220.0
2013-08-12,2.65,2.72,2.73,2.61,46475392.0,124691392.0
2013-08-13,2.7,2.71,2.74,2.66,41882677.0,113103824.0
2013-08-14,2.7,2.68,2.73,2.66,20664771.0,55641704.0
2013-08-15,2.68,2.61,2.69,2.61,19998532.0,52871700.0
2013-08-16,2.6,2.57,2.69,2.57,18912717.0,49472988.0
2013-08-19,2.58,2.68,2.73,2.58,23234541.0,61506284.0
2013-08-20,2.7,2.85,2.91,2.68,97271392.0,273373248.0
2013-08-21,2.81,2.99,3.06,2.79,120947155.0,356442176.0
2013-08-22,2.97,2.97,3.07,2.94,80397148.0,241735424.0
2013-08-23,2.99,3.27,3.27,2.95,128787613.0,403635648.0
2013-08-26,3.26,3.31,3.36,3.17,86445134.0,282844896.0
2013-08-27,3.28,3.26,3.3,3.19,45040635.0,146085824.0
2013-08-28,3.21,3.14,3.24,3.08,59791612.0,188849920.0
2013-08-29,3.11,3.26,3.26,3.1,54628199.0,174131392.0
2013-08-30,3.22,3.07,3.23,3.04,44152185.0,138389296.0
2013-09-02,3.07,3.17,3.24,3.05,53173819.0,167065136.0
2013-09-03,3.16,3.15,3.23,3.11,45343713.0,143695360.0
2013-09-04,3.17,3.06,3.18,3.03,46017810.0,141311296.0
2013-09-05,3.06,3.03,3.06,3.0,27856501.0,84291232.0
2013-09-06,3.04,3.21,3.24,3.03,69302253.0,217925184.0
2013-09-09,3.18,3.2,3.26,3.15,47637398.0,152749568.0
2013-09-10,3.27,3.29,3.35,3.2,59956434.0,196566064.0
2013-09-11,3.27,3.24,3.29,3.16,36376255.0,116794696.0
2013-09-12,3.22,3.18,3.22,3.15,20894928.0,66459016.0
2013-09-13,3.19,3.18,3.26,3.16,20230630.0,64682568.0
2013-09-16,3.19,3.21,3.23,3.13,21926300.0,69837712.0
2013-09-17,3.18,3.04,3.2,3.03,27132862.0,83770888.0
2013-09-18,3.04,3.06,3.09,3.03,10397967.0,31743410.0
2013-09-23,3.06,3.12,3.13,3.04,19941345.0,61394232.0
2013-09-24,3.13,3.06,3.13,3.03,23078769.0,70760056.0
2013-09-25,3.05,3.03,3.07,3.01,19226955.0,58395976.0
2013-09-26,3.02,2.9,3.04,2.89,25221745.0,74251672.0
2013-09-27,2.89,2.85,2.93,2.84,16795595.0,48307840.0
2013-09-30,2.84,2.91,2.92,2.84,9286675.0,26871928.0
2013-10-08,2.9,3.01,3.01,2.88,17570519.0,51959496.0
2013-10-09,2.99,2.99,3.0,2.94,15072471.0,44779256.0
2013-10-10,2.98,2.9,2.98,2.86,26335524.0,76726976.0
2013-10-11,2.91,2.95,2.95,2.91,19203404.0,56368072.0
2013-10-14,2.96,3.06,3.06,2.95,41213966.0,124164728.0
2013-10-15,3.26,3.37,3.37,3.23,133941706.0,447040576.0
2013-10-16,3.35,3.43,3.6,3.26,165238788.0,567067136.0
2013-10-17,3.34,3.3,3.41,3.24,71625665.0,235979808.0
2013-10-18,3.26,3.2,3.26,3.15,42333936.0,134745312.0
2013-10-21,3.2,3.24,3.25,3.13,67676753.0,217196160.0
2013-10-22,3.23,3.28,3.32,3.17,61476496.0,199937568.0
2013-10-23,3.25,3.06,3.27,3.04,52573874.0,164921248.0
2013-10-24,3.06,3.05,3.06,2.96,31175373.0,93907488.0
2013-10-25,3.04,3.0,3.04,2.97,18678419.0,55870728.0
2013-10-28,3.02,3.08,3.09,2.98,35786148.0,109200256.0
2013-10-29,3.08,2.91,3.09,2.81,34502823.0,102000024.0
2013-10-30,2.9,2.93,2.93,2.85,22164029.0,64064704.0
2013-10-31,2.94,2.78,2.94,2.77,30947604.0,88171760.0
2013-11-01,2.76,2.72,2.76,2.69,22962254.0,62278108.0
2013-11-04,2.73,2.75,2.79,2.72,16349640.0,45138916.0
2013-11-05,2.75,2.83,2.84,2.7,21678792.0,60236396.0
2013-11-06,2.82,2.84,2.9,2.78,30472106.0,86533416.0
2013-11-07,2.81,2.78,2.86,2.74,25752801.0,72205488.0
2013-11-08,2.76,2.79,2.79,2.69,20750413.0,56720484.0
2013-11-11,2.81,2.78,2.81,2.76,16631195.0,46404776.0
2013-11-12,2.76,2.75,2.78,2.71,14921043.0,40943984.0
2013-11-13,2.75,2.72,2.82,2.7,18297032.0,50512804.0
2013-11-14,2.7,2.74,2.76,2.7,12027464.0,32823384.0
2013-11-15,2.74,2.82,2.82,2.7,25404368.0,70952304.0
2013-11-18,2.84,2.89,2.9,2.8,29712360.0,85100088.0
2013-11-19,2.9,2.97,3.04,2.86,45253721.0,133675560.0
2013-11-20,2.95,2.95,2.96,2.89,24441804.0,71795120.0
2013-11-21,2.94,2.95,2.98,2.9,21185616.0,62239384.0
2013-11-22,2.95,2.9,2.98,2.89,19527717.0,57164444.0
2013-11-25,2.88,2.86,2.92,2.85,16731359.0,48252184.0
2013-11-26,2.86,2.88,2.89,2.85,10474022.0,30087584.0
2013-11-27,2.88,2.89,2.92,2.87,13374390.0,38685828.0
2013-11-28,2.9,2.92,2.95,2.88,19613312.0,57417312.0
2013-11-29,2.94,2.9,2.94,2.89,17933463.0,52356572.0
2013-12-02,2.87,2.75,2.91,2.68,23859259.0,67297544.0
2013-12-03,2.73,2.81,2.82,2.72,10235288.0,28477124.0
2013-12-04,2.83,2.87,2.92,2.83,19818567.0,57035040.0
2013-12-05,2.89,2.93,2.96,2.89,29460128.0,86398960.0
2013-12-06,2.94,2.94,2.94,2.91,14790380.0,43283292.0
2013-12-09,2.94,2.96,2.99,2.91,24125864.0,71420752.0
2013-12-10,2.95,2.93,2.96,2.92,13450667.0,39530480.0
2013-12-11,2.92,2.89,2.92,2.87,14272007.0,41197016.0
2013-12-12,2.88,2.88,2.91,2.88,9462953.0,27378700.0
2013-12-13,2.87,2.91,2.95,2.85,14323462.0,41594688.0
2013-12-16,2.91,2.85,2.95,2.84,15246326.0,44081972.0
2013-12-17,2.85,2.79,2.88,2.78,11271433.0,31723556.0
2013-12-18,2.79,2.8,2.82,2.79,5876280.0,16495175.0
2013-12-19,2.81,2.77,2.85,2.76,8656341.0,24254328.0
2013-12-20,2.76,2.73,2.79,2.72,10502049.0,28849520.0
2013-12-23,2.72,2.72,2.74,2.63,10962595.0,29554744.0
2013-12-24,2.73,2.72,2.76,2.69,9920090.0,27057492.0
2013-12-25,2.72,2.73,2.73,2.69,9801389.0,26545700.0
2013-12-26,2.72,2.66,2.73,2.65,10202157.0,27326860.0
2013-12-27,2.66,2.69,2.7,2.66,6499765.0,17412242.0
2013-12-30,2.7,2.71,2.73,2.7,10046328.0,27287136.0
2013-12-31,2.7,2.71,2.72,2.68,8317487.0,22500292.0
2014-01-02,2.72,2.73,2.75,2.71,10795117.0,29515528.0
2014-01-03,2.73,2.7,2.73,2.68,12970789.0,35012424.0
2014-01-06,2.7,2.58,2.7,2.57,12494105.0,32832254.0
2014-01-07,2.58,2.64,2.66,2.56,14796395.0,38924832.0
2014-01-08,2.63,2.65,2.68,2.62,11401023.0,30269932.0
2014-01-09,2.64,2.63,2.68,2.62,8215808.0,21785728.0
2014-01-10,2.58,2.55,2.61,2.5,22680519.0,57643144.0
2014-01-13,2.53,2.49,2.55,2.47,10976283.0,27364284.0
2014-01-14,2.49,2.56,2.57,2.49,14132976.0,35836864.0
2014-01-15,2.57,2.54,2.57,2.51,8857904.0,22503204.0
2014-01-16,2.54,2.54,2.56,2.51,16503265.0,42036052.0
2014-01-17,2.54,2.49,2.55,2.49,6898675.0,17402898.0
2014-01-20,2.5,2.49,2.53,2.47,6943542.0,17346356.0
2014-01-21,2.49,2.54,2.55,2.49,20310201.0,51286172.0
2014-01-22,2.52,2.58,2.6,2.52,23234395.0,59535464.0
2014-01-23,2.58,2.57,2.61,2.56,14303350.0,36856072.0
2014-01-24,2.55,2.59,2.6,2.55,17844707.0,46129540.0
2014-01-27,2.57,2.55,2.58,2.54,9878250.0,25264310.0
2014-01-28,2.55,2.59,2.61,2.54,14041535.0,36277688.0
2014-01-29,2.59,2.57,2.59,2.56,8838388.0,22773606.0
2014-01-30,2.57,2.51,2.57,2.51,11684823.0,29596574.0
2014-02-07,2.51,2.53,2.54,2.49,6852859.0,17270662.0
2014-02-10,2.54,2.6,2.6,2.53,18248151.0,47049044.0
2014-02-11,2.6,2.64,2.66,2.58,22261519.0,58490840.0
2014-02-12,2.64,2.68,2.68,2.62,25578134.0,67784360.0
2014-02-13,2.66,2.62,2.67,2.61,17851844.0,47152096.0
2014-02-14,2.62,2.67,2.68,2.61,15812706.0,41958552.0
2014-02-17,2.69,2.7,2.71,2.67,25863003.0,69603664.0
2014-02-18,2.69,2.67,2.71,2.66,21988185.0,59072644.0
2014-02-19,2.65,2.71,2.72,2.64,27594285.0,73693960.0
2014-02-20,2.7,2.77,2.8,2.69,45728857.0,125562184.0
2014-02-21,2.76,2.8,2.84,2.7,55945580.0,155837088.0
2014-02-24,2.77,2.82,2.83,2.72,50666135.0,141558016.0
2014-02-25,2.8,2.7,2.84,2.69,45203845.0,124937432.0
2014-02-26,2.68,2.89,2.89,2.66,70289945.0,195550576.0
2014-02-27,2.87,2.8,2.94,2.76,66413955.0,189814400.0
2014-02-28,2.78,2.76,2.8,2.71,32030918.0,88581496.0
2014-03-03,2.75,2.8,2.81,2.73,26369733.0,73001272.0
2014-03-04,2.78,2.73,2.78,2.72,21615475.0,59234616.0
2014-03-05,2.75,2.68,2.76,2.68,25277638.0,68483056.0
2014-03-06,2.68,2.65,2.69,2.62,22963925.0,60664716.0
2014-03-07,2.65,2.62,2.67,2.6,16154229.0,42579220.0
2014-03-10,2.6,2.52,2.62,2.5,18012834.0,45937040.0
2014-03-11,2.51,2.54,2.54,2.51,9736645.0,24635398.0
2014-03-12,2.54,2.53,2.55,2.49,11045909.0,27878244.0
2014-03-13,2.53,2.55,2.56,2.53,8765348.0,22333040.0
2014-03-14,2.54,2.56,2.57,2.53,9232926.0,23537240.0
2014-03-17,2.56,2.59,2.59,2.55,9990376.0,25748328.0
2014-03-18,2.6,2.61,2.61,2.58,16889006.0,43931060.0
2014-03-19,2.59,2.64,2.65,2.59,19105398.0,50141720.0
2014-03-20,2.64,2.67,2.72,2.63,43501863.0,116700448.0
2014-03-21,2.67,2.72,2.74,2.63,55687148.0,150451904.0
2014-03-24,2.71,2.75,2.78,2.7,52906762.0,145243904.0
2014-03-25,2.75,2.76,2.78,2.71,48030970.0,132057696.0
2014-03-26,2.75,2.75,2.77,2.73,41876445.0,115355368.0
2014-03-27,2.74,2.71,2.79,2.68,41907574.0,114819072.0
2014-03-28,2.69,2.76,2.76,2.68,48789784.0,133281128.0
2014-03-31,2.75,2.68,2.76,2.63,24194519.0,65085144.0
2014-04-01,2.66,2.78,2.79,2.66,49680569.0,136337280.0
2014-04-02,2.78,2.74,2.78,2.73,33516802.0,92211280.0
2014-04-03,2.75,2.68,2.75,2.67,27507340.0,73957896.0
2014-04-04,2.67,2.66,2.69,2.65,17618132.0,46993768.0
2014-04-08,2.67,2.69,2.69,2.65,16850353.0,45081792.0
2014-04-09,2.69,2.69,2.7,2.68,15021531.0,40338828.0
2014-04-10,2.69,2.67,2.69,2.65,21719128.0,57926632.0
2014-04-11,2.67,2.62,2.67,2.61,24241600.0,63825800.0
2014-04-14,2.62,2.65,2.66,2.62,11523419.0,30463836.0
2014-04-15,2.65,2.6,2.65,2.59,18637230.0,48645408.0
2014-04-16,2.6,2.61,2.63,2.6,9311401.0,24327226.0
2014-04-17,2.62,2.63,2.64,2.6,11629695.0,30526972.0
2014-04-18,2.62,2.65,2.65,2.61,11231597.0,29571400.0
2014-04-21,2.64,2.58,2.64,2.57,11033179.0,28788144.0
2014-04-22,2.57,2.58,2.59,2.54,9097449.0,23324578.0
2014-04-23,2.58,2.53,2.6,2.52,13326340.0,34073256.0
2014-04-24,2.52,2.52,2.55,2.51,7973304.0,20152660.0
2014-04-25,2.52,2.52,2.59,2.51,14165374.0,36023216.0
2014-04-28,2.51,2.46,2.53,2.45,11855177.0,29481130.0
2014-04-29,2.46,2.49,2.49,2.45,6929003.0,17111284.0
2014-04-30,2.49,2.51,2.51,2.47,6903586.0,17192500.0
2014-05-05,2.5,2.53,2.54,2.49,7826733.0,19725548.0
2014-05-06,2.54,2.54,2.55,2.52,7148764.0,18134928.0
2014-05-07,2.53,2.49,2.53,2.49,6641462.0,16655064.0
2014-05-08,2.49,2.5,2.52,2.47,5570745.0,13940191.0
2014-05-09,2.5,2.47,2.5,2.46,6477610.0,16056739.0
2014-05-12,2.49,2.53,2.54,2.47,11089427.0,27857984.0
2014-05-13,2.52,2.57,2.62,2.52,17429702.0,44912564.0
2014-05-14,2.55,2.53,2.57,2.51,10292381.0,26082670.0
2014-05-15,2.53,2.5,2.54,2.48,7297779.0,18285028.0
2014-05-16,2.49,2.51,2.51,2.48,5226790.0,13010909.0
2014-05-19,2.51,2.48,2.51,2.47,4243444.0,10547726.0
2014-05-20,2.5,2.5,2.51,2.47,4975645.0,12406283.0
2014-05-21,2.5,2.55,2.55,2.48,10409977.0,26326000.0
2014-05-22,2.53,2.52,2.56,2.52,8507996.0,21628574.0
2014-05-23,2.52,2.53,2.53,2.51,4837253.0,12196541.0
2014-05-26,2.54,2.55,2.59,2.52,9170306.0,23444438.0
2014-05-27,2.54,2.52,2.55,2.51,5034672.0,12745803.0
2014-05-28,2.52,2.53,2.54,2.48,9786728.0,24527686.0
2014-05-29,2.52,2.51,2.52,2.5,7256877.0,18200156.0
2014-05-30,2.51,2.51,2.52,2.49,5316562.0,13293549.0
2014-06-03,2.52,2.54,2.55,2.48,17255592.0,43482648.0
2014-06-04,2.52,2.52,2.52,2.5,6765475.0,16952212.0
2014-06-05,2.52,2.51,2.52,2.49,8347350.0,20882124.0
2014-06-06,2.51,2.5,2.51,2.48,5926961.0,14776315.0
2014-06-09,2.49,2.52,2.53,2.49,9599094.0,24117372.0
2014-06-10,2.53,2.53,2.55,2.52,17837572.0,45125600.0
2014-06-11,2.52,2.53,2.54,2.51,17244416.0,43599764.0
2014-06-12,2.52,2.54,2.55,2.52,11126416.0,28199876.0
2014-06-13,2.53,2.54,2.55,2.52,12140292.0,30826772.0
2014-06-16,2.54,2.54,2.55,2.52,14896354.0,37777376.0
2014-06-17,2.55,2.53,2.55,2.52,11615088.0,29461146.0
2014-06-18,2.53,2.55,2.56,2.52,18167725.0,46082008.0
2014-06-19,2.55,2.48,2.55,2.46,13421023.0,33754432.0
2014-06-20,2.48,2.52,2.52,2.47,8119401.0,20289758.0
2014-06-23,2.51,2.52,2.54,2.51,9297982.0,23526316.0
2014-06-24,2.52,2.6,2.61,2.52,47013570.0,121487808.0
2014-06-25,2.59,2.59,2.61,2.58,32511396.0,84376728.0
2014-06-26,2.58,2.65,2.66,2.58,59173538.0,155657600.0
2014-06-27,2.65,2.69,2.71,2.63,55926591.0,149540000.0
2014-06-30,2.69,2.68,2.69,2.66,19816555.0,53016664.0
2014-07-01,2.68,2.7,2.73,2.64,61420641.0,165119056.0
2014-07-02,2.69,2.69,2.71,2.66,35368726.0,94969232.0
2014-07-03,2.69,2.74,2.75,2.67,77244602.0,209291120.0
2014-07-04,2.74,2.69,2.74,2.67,33037241.0,88941720.0
2014-07-07,2.68,2.7,2.71,2.62,64906787.0,173678192.0
2014-07-08,2.68,2.69,2.71,2.66,37655121.0,101220856.0
2014-07-09,2.69,2.65,2.69,2.62,29225816.0,77390232.0
2014-07-10,2.64,2.65,2.67,2.63,26397316.0,69985920.0
2014-07-11,2.65,2.66,2.66,2.64,45702838.0,121164944.0
2014-07-14,2.62,2.66,2.67,2.62,40611668.0,107033688.0
2014-07-15,2.65,2.63,2.65,2.62,19381392.0,51044964.0
2014-07-16,2.63,2.63,2.65,2.62,13605938.0,35902236.0
2014-07-17,2.63,2.6,2.64,2.58,14603938.0,38056112.0
2014-07-18,2.59,2.61,2.63,2.59,10272024.0,26855062.0
2014-07-21,2.61,2.63,2.65,2.61,11380256.0,29932096.0
2014-07-22,2.62,2.63,2.64,2.6,14017272.0,36837192.0
2014-07-23,2.63,2.61,2.64,2.6,14208919.0,37258348.0
2014-07-24,2.61,2.64,2.64,2.59,18669025.0,48978060.0
2014-07-25,2.63,2.65,2.67,2.62,18341302.0,48623180.0
2014-07-28,2.67,2.7,2.71,2.67,38626796.0,103933536.0
2014-07-29,2.73,2.7,2.76,2.69,38304187.0,104122472.0
2014-07-30,2.71,2.69,2.71,2.68,21874134.0,58931116.0
2014-07-31,2.7,2.72,2.73,2.7,23384940.0,63516508.0
2014-08-01,2.71,2.68,2.74,2.67,32501196.0,87990688.0
2014-08-04,2.69,2.74,2.74,2.68,31370908.0,85399952.0
2014-08-05,2.76,2.78,2.8,2.75,43189584.0,119797024.0
2014-08-06,2.76,2.78,2.79,2.75,21317371.0,58998108.0
2014-08-07,2.76,2.75,2.8,2.74,29542163.0,82024576.0
2014-08-08,2.75,2.73,2.77,2.71,20981054.0,57384464.0
2014-08-11,2.73,2.79,2.79,2.73,25818531.0,71451224.0
2014-08-12,2.78,2.8,2.81,2.77,28719274.0,80309160.0
2014-08-13,2.81,2.87,2.88,2.78,63055276.0,178703872.0
2014-08-14,2.87,2.83,2.91,2.82,61751214.0,176826896.0
2014-08-15,2.83,2.87,2.9,2.83,37625636.0,108273744.0
2014-08-18,2.9,2.88,2.91,2.86,25864285.0,74466560.0
2014-08-19,2.89,2.87,2.89,2.84,28984014.0,82937152.0
2014-08-20,2.85,2.85,2.88,2.85,22715418.0,65000816.0
2014-08-21,2.85,2.81,2.86,2.77,31708819.0,89233976.0
2014-08-22,2.8,2.82,2.82,2.8,16940004.0,47644432.0
2014-08-25,2.82,2.81,2.83,2.79,19149750.0,53690728.0
2014-08-26,2.8,2.75,2.83,2.74,29104385.0,80859536.0
2014-08-27,2.75,2.73,2.77,2.71,21855029.0,59815388.0
2014-08-28,2.73,2.73,2.75,2.71,16526367.0,45082744.0
2014-08-29,2.72,2.75,2.76,2.72,12259606.0,33604232.0
2014-09-01,2.76,2.79,2.8,2.76,17502909.0,48677004.0
2014-09-02,2.79,2.81,2.82,2.77,34849196.0,97342280.0
2014-09-03,2.82,2.82,2.83,2.8,35198452.0,99005632.0
2014-09-04,2.82,2.84,2.84,2.81,26298151.0,74424144.0
2014-09-05,2.84,2.86,2.86,2.82,32249209.0,91588112.0
2014-09-09,2.86,2.88,2.9,2.85,45632590.0,131418488.0
2014-09-10,2.86,2.86,2.88,2.82,30150575.0,85847192.0
2014-09-11,2.85,2.88,2.9,2.83,41826983.0,120095216.0
2014-09-12,2.87,2.9,2.91,2.85,35258635.0,101657024.0
2014-09-15,2.9,2.93,2.94,2.9,39678155.0,115755776.0
2014-09-16,2.94,2.83,2.95,2.82,54766741.0,158433440.0
2014-09-17,2.83,2.99,3.0,2.82,72642830.0,211700144.0
2014-09-18,2.96,2.97,3.02,2.94,62343300.0,185920432.0
2014-09-19,2.98,3.06,3.15,2.96,67714589.0,207813584.0
2014-09-22,3.06,2.98,3.06,2.97,40448357.0,121402440.0
2014-09-23,2.99,2.99,3.03,2.97,28438964.0,85078552.0
2014-09-24,2.99,3.02,3.03,2.98,28644954.0,86227056.0
2014-09-25,3.03,2.99,3.04,2.99,28725218.0,86399808.0
2014-09-26,2.98,3.04,3.06,2.96,42025484.0,127072408.0
2014-09-29,3.05,3.08,3.11,3.03,47179410.0,144961552.0
2014-09-30,3.08,3.06,3.1,3.05,34146594.0,104749432.0
2014-10-08,3.06,3.12,3.12,3.03,42436788.0,130897528.0
2014-10-09,3.11,3.09,3.11,3.05,36330979.0,112099888.0
2014-10-10,3.08,3.03,3.08,3.02,36496045.0,111234976.0
2014-10-13,3.01,3.06,3.07,2.99,27572546.0,83492168.0
2014-10-14,3.05,3.03,3.07,3.01,22784479.0,69272752.0
2014-10-15,3.02,3.04,3.04,2.99,26838399.0,80962480.0
2014-10-16,3.02,3.0,3.06,2.99,24009919.0,72703712.0
2014-10-17,2.99,2.92,3.01,2.9,34660784.0,102171112.0
2014-10-20,2.94,2.99,2.99,2.93,17694057.0,52441568.0
2014-10-21,2.98,2.97,3.01,2.96,12987475.0,38726104.0
2014-10-22,2.97,2.9,2.98,2.89,19854201.0,58337504.0
2014-10-23,2.89,2.84,2.91,2.81,23802213.0,67890888.0
2014-10-24,2.84,2.84,2.87,2.83,12237808.0,34883024.0
2014-10-27,2.84,2.86,2.88,2.83,13313585.0,38017240.0
2014-10-28,2.86,2.91,2.91,2.86,19976330.0,57721728.0
2014-10-29,2.91,2.93,2.95,2.9,26550512.0,77604064.0
2014-10-30,2.92,2.93,2.96,2.91,23922478.0,70327744.0
2014-10-31,2.92,2.97,2.98,2.92,37670063.0,111202616.0
2014-11-03,2.98,2.99,3.0,2.94,40831654.0,121028216.0
2014-11-04,2.97,2.96,2.99,2.95,24453890.0,72510560.0
2014-11-05,2.96,2.96,2.99,2.95,24407539.0,72448712.0
2014-11-06,2.96,2.94,2.97,2.91,24840668.0,72879440.0
2014-11-07,2.95,2.92,2.97,2.9,25579830.0,75388128.0
2014-11-10,2.91,2.96,2.96,2.91,19991999.0,58656876.0
2014-11-11,2.96,2.88,3.02,2.86,41048187.0,121130480.0
2014-11-12,2.86,2.94,2.94,2.85,20135955.0,58423456.0
2014-11-13,2.93,3.0,3.04,2.92,59840347.0,179015648.0
2014-11-14,2.99,3.07,3.07,2.97,70292106.0,213511136.0
2014-11-17,3.07,3.05,3.08,3.01,40146524.0,121892976.0
2014-11-18,3.05,3.06,3.06,3.02,28215144.0,85731448.0
2014-11-19,3.04,3.03,3.06,3.03,22142744.0,67267296.0
2014-11-20,3.02,2.99,3.03,2.98,21930800.0,65896248.0
2014-11-21,3.0,3.01,3.02,2.98,19679400.0,59176912.0
2014-11-24,3.03,3.06,3.07,3.01,43460535.0,132068512.0
2014-11-25,3.05,3.09,3.12,3.04,50388016.0,155432000.0
2014-11-26,3.09,3.08,3.11,3.06,35043519.0,107938360.0
2014-11-27,3.08,3.07,3.1,3.04,47934848.0,147295184.0
2014-11-28,3.07,3.07,3.1,3.03,45349767.0,139155120.0
2014-12-01,3.07,3.15,3.16,3.05,76715622.0,238073440.0
2014-12-02,3.16,3.16,3.18,3.11,67005410.0,210716736.0
2014-12-03,3.15,3.17,3.21,3.13,61317586.0,193982208.0
2014-12-04,3.16,3.22,3.23,3.15,57584030.0,184427296.0
2014-12-05,3.22,3.08,3.24,3.05,63342208.0,198366288.0
2014-12-08,3.1,3.11,3.15,3.08,46999255.0,146587632.0
2014-12-09,3.1,3.05,3.2,3.02,67420106.0,210310880.0
2014-12-10,3.05,3.14,3.15,2.99,39886716.0,122680984.0
2014-12-11,3.11,3.24,3.27,3.1,80670930.0,258877888.0
2014-12-12,3.22,3.26,3.26,3.19,49485592.0,159431440.0
2014-12-15,3.24,3.28,3.33,3.22,49573453.0,162886832.0
2014-12-16,3.29,3.28,3.31,3.24,30745404.0,100449464.0
2014-12-17,3.27,3.23,3.27,3.19,35443134.0,114261632.0
2014-12-18,3.21,3.22,3.23,3.19,25629674.0,82289680.0
2014-12-19,3.23,3.25,3.3,3.16,40958030.0,132145704.0
2014-12-22,3.25,3.19,3.28,3.08,51632164.0,163612800.0
2014-12-23,3.18,3.11,3.21,3.1,27033652.0,85164096.0
2014-12-24,3.11,3.17,3.18,3.1,32472779.0,102134160.0
2014-12-25,3.18,3.24,3.24,3.15,41103354.0,131847288.0
2014-12-26,3.25,3.24,3.25,3.21,27165417.0,87743792.0
2014-12-29,3.23,3.17,3.23,3.13,36535367.0,115945832.0
2014-12-30,3.15,3.1,3.19,3.1,22113768.0,69466272.0
2014-12-31,3.1,3.12,3.14,3.09,17295178.0,53850868.0
2015-01-05,3.14,3.21,3.23,3.1,46725254.0,148694512.0
2015-01-06,3.19,3.22,3.25,3.17,33253961.0,106826288.0
2015-01-07,3.25,3.26,3.32,3.22,56231221.0,183851232.0
2015-01-08,3.25,3.24,3.27,3.21,35446562.0,114689832.0
2015-01-09,3.22,3.22,3.32,3.21,51488412.0,168380560.0
2015-01-12,3.22,3.13,3.22,3.1,30784123.0,97041720.0
2015-01-13,3.13,3.15,3.15,3.12,18785721.0,58943328.0
2015-01-14,3.15,3.15,3.17,3.12,18389165.0,57950536.0
2015-01-15,3.15,3.16,3.16,3.12,20149051.0,63448208.0
2015-01-16,3.15,3.23,3.25,3.15,46791862.0,150285040.0
2015-01-19,3.18,3.1,3.3,3.0,55977606.0,178319664.0
2015-01-20,3.09,3.18,3.19,3.07,37147109.0,117135824.0
2015-01-21,3.19,3.25,3.26,3.17,54378856.0,175408032.0
2015-01-22,3.26,3.4,3.46,3.22,121844084.0,408978080.0
2015-01-23,3.38,3.39,3.4,3.34,59923248.0,201846896.0
2015-01-26,3.37,3.44,3.44,3.36,41710325.0,142386704.0
2015-01-27,3.44,3.37,3.45,3.32,43894977.0,148451856.0
2015-01-28,3.37,3.36,3.4,3.31,35830104.0,120044504.0
2015-01-29,3.34,3.36,3.41,3.32,37097780.0,124828976.0
2015-01-30,3.33,3.24,3.36,3.23,50725820.0,166258016.0
2015-02-02,3.21,3.21,3.24,3.18,22596755.0,72496568.0
2015-02-03,3.22,3.27,3.27,3.21,29684299.0,96246968.0
2015-02-04,3.26,3.24,3.28,3.19,23467195.0,76082584.0
2015-02-05,3.27,3.18,3.27,3.18,21876510.0,70384696.0
2015-02-06,3.18,3.12,3.21,3.1,20844941.0,65503184.0
2015-02-09,3.12,3.13,3.16,3.09,14935359.0,46802144.0
2015-02-10,3.14,3.15,3.16,3.12,13280813.0,41743860.0
2015-02-11,3.16,3.17,3.18,3.13,15408329.0,48662368.0
2015-02-12,3.17,3.18,3.19,3.13,17715430.0,56162572.0
2015-02-13,3.19,3.28,3.33,3.18,47139091.0,153162944.0
2015-02-16,3.27,3.31,3.34,3.26,49683425.0,163955296.0
2015-02-17,3.29,3.26,3.32,3.24,33472133.0,109571872.0
2015-02-25,3.26,3.28,3.3,3.25,25393889.0,83247568.0
2015-02-26,3.29,3.31,3.32,3.25,29310214.0,96346992.0
2015-02-27,3.31,3.29,3.33,3.28,33478291.0,110694344.0
2015-03-02,3.3,3.36,3.36,3.3,40223852.0,133760632.0
2015-03-03,3.36,3.31,3.36,3.29,39521582.0,131135688.0
2015-03-04,3.3,3.38,3.4,3.29,57940766.0,194255392.0
2015-03-05,3.37,3.41,3.44,3.34,58605257.0,198561360.0
2015-03-06,3.4,3.36,3.43,3.35,37579418.0,127097792.0
2015-03-09,3.36,3.43,3.44,3.34,40668098.0,138256400.0
2015-03-10,3.44,3.42,3.46,3.41,41891470.0,143859936.0
2015-03-11,3.42,3.36,3.44,3.35,36049238.0,122291600.0
2015-03-12,3.37,3.36,3.4,3.36,34287380.0,115886888.0
2015-03-13,3.37,3.42,3.46,3.36,50341472.0,172570992.0
2015-03-16,3.44,3.52,3.53,3.42,56133988.0,196389696.0
2015-03-17,3.53,3.58,3.59,3.49,63107516.0,223179136.0
2015-03-18,3.56,3.64,3.65,3.55,64308105.0,231114528.0
2015-03-19,3.63,3.61,3.63,3.58,52003105.0,187294224.0
2015-03-20,3.62,3.64,3.66,3.6,46762186.0,170001376.0
2015-03-23,3.64,3.7,3.77,3.64,49587222.0,183474560.0
2015-03-24,3.7,3.62,3.72,3.54,58654200.0,212901664.0
2015-03-25,3.63,3.76,3.81,3.59,73661818.0,272787808.0
2015-03-26,3.73,3.75,3.9,3.71,58297037.0,221016336.0
2015-03-27,3.75,3.81,3.85,3.71,36337587.0,137569984.0
2015-03-30,3.82,3.87,3.91,3.81,47586789.0,184010016.0
2015-03-31,3.92,3.83,3.95,3.81,50776081.0,196500256.0
2015-04-01,3.83,3.9,3.92,3.83,39977329.0,155022432.0
2015-04-02,3.91,4.0,4.03,3.88,54649111.0,217292480.0
2015-04-03,3.98,4.02,4.05,3.93,48443886.0,193674032.0
2015-04-07,4.02,4.15,4.2,4.0,61055657.0,251012496.0
2015-04-08,4.15,4.08,4.17,4.02,57659677.0,235673104.0
2015-04-09,4.08,4.01,4.1,3.86,54027637.0,214358016.0
2015-04-10,3.98,4.09,4.12,3.95,43895523.0,177688464.0
2015-04-13,4.12,4.31,4.35,4.08,76798141.0,325713984.0
2015-04-14,4.29,4.28,4.49,4.23,65034294.0,282967936.0
2015-04-15,4.26,4.17,4.31,4.13,53972926.0,227741360.0
2015-04-16,4.13,4.2,4.23,4.06,38538219.0,160583504.0
2015-04-17,4.22,4.21,4.27,4.15,59516736.0,250639152.0
2015-04-20,4.18,4.07,4.2,4.03,61030158.0,251159040.0
2015-04-21,4.05,4.21,4.21,4.04,41529421.0,172167344.0
2015-04-22,4.22,4.31,4.35,4.22,51629652.0,221929152.0
2015-04-23,4.34,4.38,4.48,4.28,67340127.0,294529664.0
2015-04-24,4.29,4.3,4.36,4.25,49746911.0,214017792.0
2015-04-27,4.32,4.34,4.46,4.27,60477414.0,263757536.0
2015-04-28,4.35,4.18,4.37,4.12,71990218.0,302869280.0
2015-04-29,4.16,4.3,4.3,4.13,38469379.0,163033232.0
2015-04-30,4.3,4.24,4.34,4.21,53689032.0,228674224.0
2015-05-04,4.23,4.41,4.42,4.2,81258448.0,350894944.0
2015-05-05,4.37,4.2,4.44,4.19,57406982.0,246837440.0
2015-05-06,4.24,4.05,4.29,3.95,68444736.0,285302752.0
2015-05-07,4.04,3.89,4.08,3.88,46963748.0,185948320.0
2015-05-08,3.93,3.98,3.99,3.91,35334428.0,139453744.0
2015-05-11,4.0,4.19,4.19,3.98,54630757.0,223271568.0
2015-05-12,4.18,4.24,4.26,4.18,43638691.0,184362384.0
2015-05-13,4.22,4.3,4.4,4.2,50241393.0,215628640.0
2015-05-14,4.35,4.58,4.64,4.33,127441499.0,573949248.0
2015-05-15,4.61,4.6,4.63,4.46,79604120.0,361389856.0
2015-05-18,4.66,4.99,5.06,4.64,142559765.0,701363904.0
2015-05-19,4.96,5.17,5.3,4.87,94136187.0,473698592.0
2015-05-20,5.27,5.11,5.27,5.04,88968907.0,457459904.0
2015-05-21,5.02,5.17,5.2,4.96,81749165.0,417336928.0
2015-05-22,5.21,5.16,5.26,5.09,75800145.0,390977728.0
2015-05-25,5.16,5.25,5.27,5.05,83935275.0,435307136.0
2015-05-26,5.26,5.45,5.53,5.13,83007917.0,443465088.0
2015-05-27,5.47,5.57,5.65,5.4,91141988.0,503053792.0
2015-05-28,5.56,5.31,5.73,5.06,101208626.0,555056000.0
2015-05-29,5.23,5.84,5.84,4.93,108273533.0,601152832.0
2015-06-01,5.98,6.42,6.42,5.9,143814194.0,887833344.0
2015-06-02,6.46,6.51,6.66,6.29,112267210.0,722253504.0
2015-06-03,6.5,6.36,6.58,6.19,84089873.0,532965984.0
2015-06-04,6.3,6.16,6.39,5.75,75814810.0,461780576.0
2015-06-05,6.16,6.25,6.38,6.16,77030422.0,480906656.0
2015-06-08,6.25,6.07,6.25,5.95,60904116.0,369971136.0
2015-06-09,6.11,6.06,6.19,5.96,47963576.0,290399776.0
2015-06-10,6.06,6.22,6.24,5.95,58642934.0,361718112.0
2015-06-11,6.17,6.25,6.29,6.09,58108246.0,359714112.0
2015-06-12,6.25,6.26,6.48,6.24,80725332.0,512322496.0
2015-06-15,6.29,6.15,6.47,6.07,87953152.0,554666688.0
2015-06-16,6.08,5.88,6.13,5.75,53239053.0,316200032.0
2015-06-17,5.94,5.84,5.96,5.57,47580499.0,275369696.0
2015-06-18,5.85,5.67,5.92,5.62,55079221.0,319805696.0
2015-06-19,5.56,5.3,5.82,5.25,46449360.0,253574832.0
2015-06-23,5.3,5.33,5.38,4.8,44871973.0,230758560.0
2015-06-24,5.34,5.4,5.49,5.22,44866851.0,241263712.0
2015-06-25,5.44,5.2,5.44,5.11,38972673.0,207090256.0
2015-06-26,5.11,4.68,5.11,4.68,49257415.0,236478976.0
2015-06-29,4.81,4.24,4.81,4.21,81866934.0,358010592.0
2015-06-30,4.24,4.61,4.67,3.82,89869922.0,371734656.0
2015-07-01,4.47,4.22,4.63,4.15,70499731.0,314045312.0
2015-07-02,4.22,4.14,4.35,3.83,63963873.0,263472464.0
2015-07-03,3.96,3.86,4.32,3.73,57686540.0,226872192.0
2015-07-06,4.24,3.56,4.24,3.47,77051251.0,288865056.0
2015-07-07,3.45,3.2,3.45,3.2,42453696.0,138953392.0
2015-07-08,2.88,2.88,2.88,2.88,7725059.0,22275476.0
2015-07-09,2.88,2.88,2.88,2.88,0.0,0.0
2015-07-10,2.88,2.88,2.88,2.88,0.0,0.0
2015-07-13,3.17,3.17,3.17,3.17,4061271.0,12885275.0
2015-07-14,3.49,3.49,3.49,3.49,2497710.0,8723131.0
2015-07-15,3.84,3.44,3.84,3.34,154238228.0,559427584.0
2015-07-16,3.23,3.55,3.64,3.21,76608655.0,264657456.0
2015-07-17,3.64,3.9,3.91,3.57,108274401.0,406457280.0
2015-07-20,3.92,4.03,4.12,3.84,100884841.0,402497664.0
2015-07-21,3.94,4.43,4.43,3.87,157919130.0,674577536.0
2015-07-22,4.41,4.29,4.46,4.16,126280610.0,543605952.0
2015-07-23,4.28,4.36,4.37,4.25,90779131.0,392926368.0
2015-07-24,4.38,4.22,4.48,4.16,88080618.0,383519904.0
2015-07-27,4.1,3.79,4.25,3.79,79665692.0,323249248.0
2015-07-28,3.53,3.6,3.8,3.41,75153229.0,266119088.0
2015-07-29,3.68,3.89,3.93,3.54,61672336.0,227555312.0
2015-07-30,3.85,3.8,3.98,3.64,64313686.0,249268848.0
2015-07-31,3.69,3.65,3.78,3.54,40633721.0,150037792.0
2015-08-03,3.63,3.56,3.64,3.3,44716519.0,155051376.0
2015-08-04,3.53,3.81,3.83,3.5,59885534.0,220042864.0
2015-08-05,3.78,3.7,3.84,3.65,49362092.0,185929888.0
2015-08-06,3.61,3.7,3.72,3.57,35526569.0,129805952.0
2015-08-07,3.73,3.84,3.86,3.72,57952888.0,220318832.0
2015-08-10,3.88,4.03,4.06,3.85,68927822.0,273139904.0
2015-08-11,3.99,4.06,4.11,3.99,64008023.0,259843360.0
2015-08-12,3.99,4.01,4.09,3.96,61054683.0,244749376.0
2015-08-13,4.0,4.18,4.28,3.98,80626874.0,329372704.0
2015-08-14,4.18,4.24,4.28,4.14,94095020.0,397213536.0
2015-08-17,4.21,4.35,4.4,4.11,86523593.0,367607360.0
2015-08-18,4.28,3.92,4.4,3.92,87539965.0,364094912.0
2015-08-19,3.74,4.02,4.06,3.57,68652494.0,262030896.0
2015-08-20,3.94,3.96,4.2,3.89,77560721.0,313473760.0
2015-08-21,3.94,3.66,4.0,3.61,59713123.0,227085488.0
2015-08-24,3.49,3.3,3.55,3.3,41275407.0,137900128.0
2015-08-25,2.98,2.97,3.13,2.97,47556249.0,142825344.0
2015-08-26,3.0,2.8,3.09,2.71,69440183.0,204534944.0
2015-08-27,2.9,3.02,3.03,2.82,50784974.0,148615856.0
2015-08-28,3.07,3.25,3.28,3.03,67716554.0,212340208.0
2015-08-31,3.2,3.1,3.21,3.06,46435342.0,145834016.0
2015-09-01,3.08,2.83,3.1,2.79,53828370.0,158673248.0
2015-09-02,2.71,2.74,2.91,2.66,44203429.0,122542344.0
2015-09-07,2.81,2.83,2.93,2.81,37975346.0,108918544.0
2015-09-08,2.83,3.02,3.06,2.78,36666338.0,106728152.0
2015-09-09,3.03,3.14,3.16,3.0,55418731.0,172337104.0
2015-09-10,3.06,3.04,3.19,3.04,41242453.0,128357952.0
2015-09-11,3.05,3.1,3.11,3.01,29399502.0,90258352.0
2015-09-14,3.1,2.79,3.11,2.79,48917696.0,142521200.0
2015-09-15,2.76,2.66,2.85,2.61,43533782.0,118501416.0
2015-09-16,2.7,2.9,2.92,2.68,46399217.0,129889456.0
2015-09-17,2.9,2.83,2.98,2.82,49990214.0,145513440.0
2015-09-18,2.87,2.91,2.94,2.79,33812635.0,96756016.0
2015-09-21,2.85,2.99,3.01,2.85,34455588.0,101352256.0
2015-09-22,3.01,3.01,3.06,2.96,43190061.0,130197744.0
2015-09-23,2.96,2.97,3.04,2.92,40954436.0,121817800.0
2015-09-24,3.0,3.02,3.03,2.95,35289580.0,105661224.0
2015-09-25,3.0,2.92,3.02,2.84,33790205.0,99005824.0
2015-09-28,2.9,2.98,3.01,2.84,21705951.0,63376424.0
2015-09-29,2.94,2.9,2.95,2.88,19005720.0,55500328.0
2015-09-30,2.92,2.9,2.94,2.89,16568655.0,48279776.0
2015-10-08,3.0,3.05,3.1,2.98,47770942.0,144621392.0
2015-10-09,3.04,3.08,3.11,3.02,33726127.0,103399280.0
2015-10-12,3.08,3.22,3.26,3.08,55921506.0,178225344.0
2015-10-13,3.2,3.28,3.31,3.18,48324573.0,157502224.0
2015-10-14,3.24,3.23,3.29,3.19,47230261.0,152794448.0
2015-10-15,3.22,3.34,3.35,3.22,47792609.0,157335632.0
2015-10-16,3.37,3.35,3.37,3.29,49431611.0,165091408.0
2015-10-19,3.35,3.41,3.41,3.33,51316998.0,172625024.0
2015-10-20,3.39,3.41,3.44,3.35,45374725.0,154122848.0
2015-10-21,3.41,3.16,3.41,3.12,52808135.0,174399504.0
2015-10-22,3.25,3.38,3.39,3.22,72715715.0,242256048.0
2015-10-23,3.4,3.47,3.53,3.39,64315805.0,222045280.0
2015-10-26,3.48,3.47,3.56,3.44,56841101.0,198939776.0
2015-10-27,3.46,3.49,3.51,3.34,61042558.0,209485360.0
2015-10-28,3.42,3.37,3.45,3.35,68676028.0,233800656.0
2015-10-29,3.39,3.39,3.43,3.34,39106109.0,132604816.0
2015-10-30,3.36,3.33,3.39,3.25,45487883.0,151086848.0
2015-11-02,3.28,3.29,3.41,3.25,46361066.0,154161344.0
2015-11-03,3.3,3.34,3.37,3.28,30356585.0,101026720.0
2015-11-04,3.36,3.53,3.57,3.35,92578281.0,321399744.0
2015-11-05,3.52,3.53,3.58,3.47,74234601.0,261109056.0
2015-11-06,3.51,3.58,3.59,3.5,62453068.0,222364096.0
2015-11-09,3.57,3.59,3.63,3.5,56713911.0,202709184.0
2015-11-10,3.58,3.63,3.72,3.55,68335914.0,249729520.0
2015-11-11,3.64,3.66,3.68,3.6,42075932.0,153333424.0
2015-11-12,3.71,3.63,3.72,3.58,40861473.0,148695584.0
2015-11-13,3.62,3.58,3.64,3.56,35071565.0,125986304.0
2015-11-16,3.52,3.62,3.63,3.49,28115038.0,100283720.0
2015-11-17,3.64,3.62,3.73,3.61,51265983.0,188236192.0
2015-11-18,3.59,3.55,3.65,3.54,32986511.0,118753128.0
2015-11-19,3.56,3.61,3.61,3.54,23864046.0,85292456.0
2015-11-20,3.62,3.69,3.69,3.61,41337868.0,151024480.0
2015-11-23,3.69,3.73,3.83,3.69,49318123.0,185571712.0
2015-11-24,3.72,3.77,3.77,3.64,33536362.0,124508928.0
2015-11-25,3.86,3.83,3.89,3.8,52899451.0,203097520.0
2015-11-26,3.84,3.99,4.03,3.82,78429590.0,307856096.0
2015-11-27,3.94,3.61,3.97,3.59,58136216.0,220406608.0
2015-11-30,3.62,3.56,3.64,3.34,54187085.0,190705280.0
2015-12-01,3.55,3.56,3.6,3.47,48325193.0,170345239.0
2015-12-02,3.55,3.53,3.58,3.4,33879749.0,118694856.0
2015-12-03,3.51,3.64,3.67,3.51,47325322.0,170693543.0
2015-12-04,3.61,3.66,3.69,3.59,41955773.0,152672992.0
2015-12-07,3.69,3.84,3.87,3.65,66606912.0,251115589.0
2015-12-08,3.81,3.85,4.01,3.71,82854424.0,319819648.0
2015-12-09,3.82,3.97,4.07,3.79,75568247.0,300391772.0
2015-12-10,3.93,4.06,4.24,3.92,87191240.0,357383392.0
2015-12-11,4.04,3.86,4.14,3.83,60471977.0,238772976.0
2015-12-14,3.79,4.25,4.25,3.78,80191219.0,324398336.0
2015-12-15,4.18,4.22,4.27,4.1,78812428.0,328528288.0
2015-12-16,4.21,4.13,4.29,4.11,72481388.0,305208768.0
2015-12-17,4.14,4.35,4.42,4.12,96578634.0,412999424.0
2015-12-18,4.32,4.55,4.61,4.29,100815176.0,450460736.0
2015-12-21,4.65,4.97,5.01,4.65,145790693.0,710877056.0
2015-12-22,4.94,5.01,5.1,4.82,113065903.0,561784989.0
2015-12-23,4.92,4.84,5.09,4.83,69011905.0,341608608.0
2015-12-24,4.84,5.24,5.3,4.84,105647439.0,539021952.0
2015-12-25,5.24,5.28,5.44,5.07,63787250.0,335607269.0
2015-12-28,5.36,5.26,5.47,5.16,76887519.0,410176199.0
2015-12-29,5.21,5.18,5.31,4.93,48427367.0,247822852.0
2015-12-30,5.14,5.46,5.47,4.98,107380130.0,563654682.0
2015-12-31,5.44,5.22,5.53,5.2,63626047.0,339175747.0
2016-01-04,5.23,4.7,5.23,4.7,58390214.0,281638191.0
2016-01-05,4.27,4.32,4.62,4.23,85574154.0,373985201.0
2016-01-06,4.37,4.51,4.56,4.21,99379078.0,439781933.0
2016-01-07,4.33,4.06,4.38,4.06,23354802.0,97547265.0
2016-01-08,4.18,4.0,4.22,3.65,76986380.0,307406337.0
2016-01-11,3.87,3.6,4.05,3.6,79759985.0,303836076.0
2016-01-12,3.55,3.46,3.64,3.25,83830991.0,287630467.0
2016-01-13,3.47,3.32,3.63,3.29,77348472.0,270869591.0
2016-01-14,3.19,3.5,3.57,3.19,73851430.0,249380189.0
2016-01-15,3.49,3.42,3.57,3.31,66855302.0,231754124.0
2016-01-18,3.35,3.71,3.74,3.35,78324793.0,280325390.0
2016-01-19,3.65,4.04,4.07,3.63,82683471.0,318871234.0
2016-01-20,3.94,4.06,4.08,3.84,75533351.0,300671889.0
2016-01-21,3.94,3.87,4.11,3.85,62119425.0,247917692.0
2016-01-22,3.94,3.86,4.02,3.65,46281220.0,176837481.0
2016-01-25,3.9,3.91,3.92,3.76,32049670.0,123755293.0
2016-01-26,3.84,3.53,3.98,3.52,51021917.0,192742026.0
2016-01-27,3.54,3.48,3.63,3.25,57981130.0,198508697.0
2016-01-28,3.42,3.23,3.53,3.23,41364636.0,139272387.0
2016-01-29,3.21,3.43,3.48,3.21,38983377.0,131333690.0
2016-02-01,3.39,3.37,3.47,3.28,27095358.0,91304819.0
2016-02-02,3.38,3.48,3.56,3.38,29661621.0,103848847.0
2016-02-03,3.45,3.51,3.52,3.39,25918350.0,89648706.0
2016-02-04,3.51,3.55,3.62,3.51,30248023.0,107489670.0
2016-02-05,3.54,3.52,3.69,3.51,36374027.0,130706001.0
2016-02-15,3.39,3.49,3.53,3.34,26586873.0,91540292.0
2016-02-16,3.53,3.7,3.72,3.53,37903034.0,138023590.0
2016-02-17,3.71,3.7,3.74,3.62,32630091.0,119989053.0
2016-02-18,3.72,3.82,3.94,3.65,58646793.0,223027925.0
2016-02-19,3.8,3.86,3.88,3.75,38123809.0,145889506.0
2016-02-22,3.91,4.02,4.02,3.82,46753266.0,183428506.0
2016-02-23,3.98,3.89,4.02,3.8,35774332.0,139321259.0
2016-02-24,3.89,3.87,3.93,3.73,33485876.0,128403062.0
2016-02-25,3.85,3.48,3.85,3.48,42340800.0,154132843.0
2016-02-26,3.49,3.49,3.56,3.43,40283685.0,141304476.0
2016-02-29,3.44,3.31,3.46,3.23,40370315.0,133079053.0
2016-03-01,3.34,3.41,3.42,3.27,25463459.0,85605083.0
2016-03-02,3.4,3.58,3.61,3.4,31278551.0,109846519.0
2016-03-03,3.58,3.62,3.71,3.55,39864351.0,144114325.0
2016-03-04,3.59,3.48,3.62,3.44,39619412.0,139686440.0
2016-03-07,3.48,3.57,3.58,3.47,21042134.0,74497996.0
2016-03-08,3.56,3.5,3.57,3.34,36040604.0,123957969.0
2016-03-09,3.43,3.34,3.47,3.34,24897781.0,84415229.0
2016-03-10,3.35,3.29,3.4,3.27,27139939.0,90375881.0
2016-03-11,3.28,3.3,3.33,3.24,15262293.0,50158653.0
2016-03-14,3.32,3.42,3.52,3.32,34589078.0,118617872.0
2016-03-15,3.45,3.4,3.46,3.34,19512467.0,66559560.0
2016-03-16,3.4,3.35,3.42,3.32,15358778.0,51650409.0
2016-03-17,3.37,3.43,3.46,3.33,26345248.0,89646412.0
2016-03-18,3.44,3.54,3.55,3.38,49346182.0,172253902.0
2016-03-21,3.54,3.76,3.82,3.54,70007945.0,257696814.0
2016-03-22,3.71,3.67,3.75,3.65,40198711.0,148314669.0
2016-03-23,3.69,3.67,3.73,3.61,30818699.0,112774054.0
2016-03-24,3.63,3.6,3.74,3.6,37674371.0,138575087.0
2016-03-25,3.6,3.67,3.71,3.58,30341338.0,110320617.0
2016-03-28,3.68,3.74,3.84,3.67,59084403.0,221767484.0
2016-03-29,3.68,3.63,3.74,3.59,28092216.0,102959868.0
2016-03-30,3.68,3.76,3.76,3.66,28516256.0,105947278.0
2016-03-31,3.76,3.72,3.81,3.69,29136789.0,108911943.0
2016-04-01,3.71,3.64,3.71,3.63,27866143.0,101885079.0
2016-04-05,3.65,3.76,3.79,3.64,38333344.0,142929872.0
2016-04-06,3.74,3.83,3.87,3.73,49825099.0,190515444.0
2016-04-07,3.88,3.78,3.88,3.73,40130642.0,152492981.0
2016-04-08,3.77,3.83,3.94,3.71,49281548.0,189244139.0
2016-04-11,3.84,3.93,3.98,3.84,48682800.0,191120597.0
2016-04-12,3.93,3.93,4.04,3.86,49867021.0,196963197.0
2016-04-13,3.96,3.96,4.06,3.95,43184725.0,173044739.0
2016-04-14,3.99,4.25,4.36,3.96,97159952.0,404018828.0
2016-04-15,4.22,4.19,4.3,4.16,49304057.0,207459388.0
2016-04-18,4.16,4.2,4.25,4.12,36153889.0,151708411.0
2016-04-19,4.23,4.11,4.24,4.05,45100199.0,185714960.0
2016-04-20,4.16,3.94,4.21,3.83,58152545.0,231397098.0
2016-04-21,3.93,3.98,4.08,3.89,44362784.0,176674040.0
2016-04-22,3.98,4.23,4.24,3.94,51325025.0,211134020.0
2016-04-25,4.18,4.14,4.33,4.11,96965957.0,408559208.0
2016-04-26,4.07,4.18,4.19,4.03,46769959.0,191764538.0
2016-04-27,4.17,4.11,4.2,4.09,36437053.0,151290730.0
2016-04-28,4.12,4.08,4.14,3.98,34039007.0,138339531.0
2016-04-29,4.04,4.08,4.14,4.01,41185166.0,168268948.0
2016-05-03,4.07,4.23,4.25,4.04,52885635.0,220754794.0
2016-05-04,4.19,4.2,4.22,4.12,52376630.0,218527976.0
2016-05-05,4.18,4.32,4.36,4.16,68843852.0,293923897.0
2016-05-06,4.32,4.09,4.34,4.07,72856076.0,305214254.0
2016-05-09,3.99,3.79,4.02,3.72,48763181.0,189614179.0
2016-05-10,3.8,3.76,3.84,3.74,36798358.0,139374624.0
2016-05-11,3.81,3.81,3.92,3.79,42082928.0,162264133.0
2016-05-12,3.77,3.71,3.77,3.63,42476673.0,156873506.0
2016-05-13,3.7,3.77,3.77,3.69,30567194.0,114257248.0
2016-05-16,3.75,3.89,3.92,3.74,33743305.0,129885496.0
2016-05-17,3.88,3.84,3.9,3.82,29896824.0,115250713.0
2016-05-18,3.85,3.75,3.88,3.68,33008570.0,125691372.0
2016-05-19,3.74,3.78,3.84,3.72,23109136.0,87695662.0
2016-05-20,3.74,3.8,3.8,3.69,26520527.0,99255559.0
2016-05-23,3.82,3.84,3.85,3.78,35671481.0,136113132.0
2016-05-24,3.82,3.79,3.83,3.75,22194669.0,83971171.0
2016-05-25,3.83,3.77,3.84,3.74,25910141.0,98491789.0
2016-05-26,3.75,3.78,3.78,3.63,34585898.0,127812881.0
2016-05-27,3.75,3.73,3.77,3.69,29968978.0,111644844.0
2016-05-30,3.74,3.74,3.79,3.69,27066577.0,101586268.0
2016-05-31,3.74,3.91,3.91,3.74,51843556.0,199746995.0
2016-06-01,3.9,4.02,4.06,3.89,70087479.0,277363564.0
2016-06-02,4.03,4.09,4.09,3.98,63335568.0,255612373.0
2016-06-03,4.12,4.23,4.39,4.09,45371923.0,192808683.0
2016-06-06,4.12,4.03,4.18,3.98,79229003.0,320703292.0
2016-06-07,4.02,4.0,4.04,3.94,36453600.0,145096594.0
2016-06-08,3.99,3.97,4.0,3.93,27730738.0,109886747.0
2016-06-13,3.94,3.71,3.94,3.7,38053661.0,146489893.0
2016-06-14,3.73,3.78,3.81,3.68,26140860.0,98145031.0
2016-06-15,3.74,3.93,4.0,3.7,40929530.0,158793357.0
2016-06-16,3.9,3.96,4.06,3.87,37285930.0,148450701.0
2016-06-17,3.95,3.99,4.04,3.95,29996943.0,119834477.0
2016-06-20,4.0,3.99,4.03,3.95,26123802.0,104264041.0
2016-06-21,4.0,3.91,4.03,3.88,27391701.0,108672261.0
2016-06-22,3.93,3.91,3.93,3.84,23440389.0,91032228.0
2016-06-23,3.92,3.86,3.92,3.84,20673729.0,80147385.0
2016-06-24,3.86,3.79,3.89,3.69,41644434.0,157253728.0
2016-06-27,3.75,3.86,3.87,3.75,27253669.0,103853891.0
2016-06-28,3.82,3.88,3.89,3.82,24228808.0,93465404.0
2016-06-29,3.88,3.85,3.9,3.81,36107909.0,139111747.0
2016-06-30,3.84,3.83,3.86,3.8,22534416.0,86267743.0
2016-07-01,3.83,3.81,3.84,3.8,18998647.0,72599997.0
2016-07-04,3.79,3.9,3.92,3.77,35742406.0,138165483.0
2016-07-05,3.89,3.89,3.91,3.85,29374914.0,114155060.0
2016-07-06,4.04,4.29,4.29,4.04,158445387.0,675088897.0
2016-07-07,4.53,4.72,4.72,4.43,112025454.0,522921549.0
2016-07-08,4.72,4.72,4.72,4.72,0.0,0.0
2016-07-11,4.72,4.72,4.72,4.72,0.0,0.0
2016-07-12,4.72,4.72,4.72,4.72,0.0,0.0
2016-07-13,4.62,4.53,4.62,4.35,202013454.0,905480851.0
2016-07-14,4.49,4.38,4.49,4.35,103518197.0,455772955.0
2016-07-15,4.39,4.28,4.39,4.26,86858781.0,373753823.0
2016-07-18,4.29,4.31,4.35,4.19,77678808.0,331478110.0
2016-07-19,4.27,4.34,4.34,4.2,58062140.0,247727686.0
2016-07-20,4.31,4.27,4.35,4.27,43012635.0,185182427.0
2016-07-21,4.25,4.23,4.3,4.23,37336488.0,158751810.0
2016-07-22,4.23,4.25,4.35,4.22,46714515.0,200420009.0
2016-07-25,4.23,4.26,4.3,4.21,26559098.0,112910101.0
2016-07-26,4.24,4.33,4.35,4.23,55351471.0,238493356.0
2016-07-27,4.33,4.07,4.34,4.0,70009832.0,290321702.0
2016-07-28,4.06,4.06,4.1,3.98,29865886.0,120788316.0
2016-07-29,4.04,4.01,4.06,4.0,18499039.0,74432229.0
2016-08-01,3.99,3.96,4.01,3.91,21671154.0,85548093.0
2016-08-02,3.96,4.02,4.02,3.95,17573842.0,70410088.0
2016-08-03,4.0,4.11,4.12,3.99,31073875.0,126125897.0
2016-08-04,4.1,4.12,4.18,4.08,30528472.0,126381858.0
2016-08-05,4.09,4.08,4.14,4.08,17662795.0,72432020.0
2016-08-08,4.07,4.12,4.14,4.02,20193987.0,82550907.0
2016-08-09,4.11,4.16,4.17,4.1,23624559.0,97959352.0
2016-08-10,4.17,4.2,4.2,4.15,24989827.0,104384651.0
2016-08-11,4.18,4.12,4.27,4.12,28215463.0,117918382.0
2016-08-12,4.1,4.14,4.16,4.08,19965899.0,82092817.0
2016-08-15,4.14,4.2,4.24,4.11,36683661.0,153458180.0
2016-08-16,4.2,4.23,4.26,4.17,42091980.0,177474039.0
2016-08-17,4.23,4.26,4.29,4.2,31720451.0,134611505.0
2016-08-18,4.24,4.21,4.28,4.18,35484772.0,149758523.0
2016-08-19,4.2,4.21,4.22,4.16,22299878.0,93386402.0
2016-08-22,4.21,4.19,4.24,4.16,17530593.0,73621498.0
2016-08-23,4.19,4.2,4.21,4.17,13458920.0,56369575.0
2016-08-24,4.2,4.21,4.26,4.18,21770912.0,91940873.0
2016-08-25,4.2,4.15,4.2,4.09,27902881.0,115161997.0
2016-08-26,4.16,4.1,4.18,4.09,23093608.0,95432434.0
2016-08-29,4.13,4.14,4.15,4.11,13898825.0,57400436.0
2016-08-30,4.14,4.12,4.15,4.1,13789956.0,56791450.0
2016-08-31,4.12,4.14,4.15,4.1,13633720.0,56238831.0
2016-09-01,4.14,4.1,4.14,4.1,11397430.0,46919240.0
2016-09-02,4.1,4.07,4.12,4.05,16826555.0,68735443.0
2016-09-05,4.07,4.09,4.11,4.07,12927257.0,52879180.0
2016-09-06,4.09,4.12,4.13,4.05,16175621.0,66125598.0
2016-09-07,4.13,4.11,4.14,4.1,20217943.0,83327710.0
2016-09-08,4.11,4.12,4.12,4.08,16483187.0,67555937.0
2016-09-09,4.1,4.07,4.12,4.07,18267896.0,74690149.0
2016-09-12,4.01,3.92,4.01,3.91,32837484.0,129888640.0
2016-09-13,3.93,3.94,3.95,3.88,19671202.0,77075169.0
2016-09-14,3.91,3.88,3.92,3.88,18409374.0,71814528.0
2016-09-19,3.89,3.94,3.94,3.89,14433812.0,56593041.0
2016-09-20,3.94,3.93,3.95,3.9,7732331.0,30325758.0
2016-09-21,3.92,3.96,4.0,3.91,17043832.0,67324841.0
2016-09-22,3.96,3.95,3.99,3.94,17478940.0,69334063.0
2016-09-23,3.95,3.91,3.96,3.9,13287534.0,52142647.0
2016-09-26,3.91,3.85,3.92,3.82,14371304.0,55861485.0
2016-09-27,3.83,3.84,3.86,3.79,15036855.0,57644116.0
2016-09-28,3.85,3.83,3.86,3.83,13219169.0,50870600.0
2016-09-29,3.84,3.85,3.86,3.82,13660733.0,52572768.0
2016-09-30,3.84,3.87,3.88,3.83,11709566.0,45198476.0
2016-10-10,3.89,3.95,3.95,3.87,20021998.0,78498230.0
2016-10-11,3.94,3.96,3.98,3.93,15688541.0,62132544.0
2016-10-12,3.94,3.96,3.96,3.93,12479409.0,49272884.0
2016-10-13,3.95,3.98,4.0,3.95,16000996.0,63698497.0
2016-10-14,3.98,3.99,3.99,3.94,14596030.0,57953101.0
2016-10-17,3.99,3.96,4.01,3.94,19273768.0,76762418.0
2016-10-18,3.94,4.0,4.02,3.94,26529172.0,105745118.0
2016-10-19,3.99,4.0,4.02,3.98,23906713.0,95685955.0
2016-10-20,4.0,4.01,4.01,3.97,27695037.0,110603022.0
2016-10-21,4.0,3.97,4.01,3.94,22670450.0,90025944.0
2016-10-24,3.97,4.01,4.02,3.95,24594067.0,98280414.0
2016-10-25,4.0,4.09,4.1,3.99,45978063.0,186931893.0
2016-10-26,4.09,4.08,4.1,4.04,23190840.0,94386715.0
2016-10-27,4.07,4.05,4.08,4.02,16303853.0,66001563.0
2016-10-28,4.03,3.99,4.06,3.98,14623773.0,58777973.0
2016-10-31,3.98,4.08,4.08,3.97,24070843.0,96999285.0
2016-11-01,4.08,4.11,4.13,4.06,27600726.0,113064400.0
2016-11-02,4.1,4.08,4.13,4.07,24401618.0,100011391.0
2016-11-03,4.06,4.17,4.21,4.05,45730519.0,190047408.0
2016-11-04,4.17,4.43,4.57,4.15,142482122.0,623352071.0
2016-11-07,4.39,4.74,4.83,4.37,149945662.0,698881126.0
2016-11-08,4.76,4.65,4.76,4.59,91547269.0,424772133.0
2016-11-09,4.61,4.6,4.64,4.44,89679887.0,408415401.0
2016-11-10,4.6,4.68,4.72,4.55,91255855.0,422645787.0
2016-11-11,4.66,4.53,4.67,4.51,78266356.0,357334382.0
2016-11-14,4.51,4.53,4.59,4.46,46420041.0,210235390.0
2016-11-15,4.54,4.62,4.67,4.49,59000468.0,271545669.0
2016-11-16,4.58,4.53,4.62,4.5,40341506.0,182975169.0
2016-11-17,4.5,4.43,4.5,4.38,46841320.0,207341168.0
2016-11-18,4.43,4.48,4.5,4.4,30690081.0,136876846.0
2016-11-21,4.49,4.43,4.51,4.43,25784091.0,115031289.0
2016-11-22,4.43,4.46,4.46,4.43,22062744.0,98117987.0
2016-11-23,4.45,4.48,4.53,4.44,35013999.0,157210526.0
2016-11-24,4.46,4.48,4.52,4.43,28477141.0,127606047.0
2016-11-25,4.47,4.43,4.49,4.31,24955288.0,110036643.0
2016-11-28,4.44,4.39,4.45,4.36,32359790.0,141928362.0
2016-11-29,4.38,4.34,4.42,4.33,23399983.0,102310637.0
2016-11-30,4.35,4.33,4.37,4.3,21473547.0,92992163.0
2016-12-01,4.31,4.36,4.36,4.31,14183592.0,61560020.0
2016-12-02,4.35,4.24,4.35,4.23,28394577.0,121521674.0
2016-12-05,4.2,4.22,4.29,4.2,16324415.0,69269196.0
2016-12-06,4.22,4.29,4.32,4.22,17091358.0,73218359.0
2016-12-07,4.28,4.34,4.35,4.26,18943245.0,81804838.0
2016-12-08,4.35,4.31,4.38,4.3,15538618.0,67342088.0
2016-12-09,4.3,4.3,4.34,4.25,13085172.0,56302415.0
2016-12-12,4.3,4.12,4.3,4.11,25150461.0,105694558.0
2016-12-13,4.07,4.25,4.28,4.07,24360047.0,102513613.0
2016-12-14,4.24,4.23,4.3,4.19,20376794.0,86621176.0
2016-12-15,4.2,4.27,4.3,4.2,16049824.0,68272230.0
2016-12-16,4.29,4.69,4.69,4.27,105405303.0,481206928.0
2016-12-19,4.72,4.67,4.75,4.51,97060156.0,448261923.0
2016-12-20,4.59,4.67,4.72,4.51,65070518.0,298915365.0
2016-12-21,4.67,4.6,4.77,4.55,65440088.0,304266389.0
2016-12-22,4.57,4.57,4.62,4.48,43821793.0,199179133.0
2016-12-23,4.54,4.43,4.57,4.43,36900979.0,165565107.0
2016-12-26,4.41,4.54,4.59,4.39,39234601.0,176595988.0
2016-12-27,4.53,4.57,4.63,4.51,31451329.0,143626060.0
2016-12-28,4.56,4.49,4.6,4.47,24639125.0,111770582.0
2016-12-29,4.49,4.44,4.51,4.43,18740473.0,83876733.0
2016-12-30,4.43,4.44,4.48,4.42,15551956.0,69149558.0
2017-01-03,4.46,4.64,4.68,4.45,57075989.0,263044287.0
2017-01-04,4.65,4.63,4.65,4.57,36665627.0,169404169.0
2017-01-05,4.62,4.61,4.71,4.6,35966100.0,167075233.0
2017-01-06,4.6,4.68,4.74,4.56,75976826.0,355526963.0
2017-01-09,4.66,4.67,4.72,4.63,38810810.0,180873494.0
2017-01-10,4.65,4.57,4.67,4.55,33505533.0,154254496.0
2017-01-11,4.55,4.42,4.56,4.42,41844437.0,186957030.0
2017-01-12,4.42,4.37,4.44,4.35,24967365.0,109729242.0
2017-01-13,4.36,4.29,4.42,4.27,28842219.0,125379573.0
2017-01-16,4.29,4.12,4.29,3.94,29664664.0,123137291.0
2017-01-17,4.11,4.19,4.21,4.08,16580659.0,68905986.0
2017-01-18,4.17,4.22,4.27,4.16,18122161.0,76143600.0
2017-01-19,4.21,4.15,4.26,4.12,20604714.0,86274140.0
2017-01-20,4.15,4.2,4.22,4.14,17004192.0,71193263.0
2017-01-23,4.2,4.23,4.25,4.19,18509970.0,78087346.0
2017-01-24,4.22,4.19,4.23,4.16,16822950.0,70385500.0
2017-01-25,4.18,4.21,4.22,4.17,11017650.0,46213415.0
2017-01-26,4.22,4.22,4.23,4.19,15107113.0,63587414.0
2017-02-03,4.22,4.23,4.26,4.2,12247957.0,51703416.0
2017-02-06,4.31,4.3,4.36,4.25,25632240.0,109980230.0
2017-02-07,4.29,4.28,4.29,4.23,21981458.0,93560746.0
2017-02-08,4.27,4.28,4.29,4.23,16416862.0,69831491.0
2017-02-09,4.27,4.3,4.32,4.27,25002395.0,107378199.0
2017-02-10,4.3,4.34,4.36,4.27,32189704.0,138626841.0
2017-02-13,4.34,4.35,4.37,4.32,22888968.0,99377518.0
2017-02-14,4.35,4.47,4.5,4.31,48621899.0,213845056.0
2017-02-15,4.41,4.38,4.44,4.36,37395901.0,164692525.0
2017-02-16,4.36,4.39,4.43,4.32,27055011.0,118324568.0
2017-02-17,4.4,4.34,4.43,4.33,25966727.0,113467516.0
2017-02-20,4.34,4.39,4.39,4.32,17962831.0,78045067.0
2017-02-21,4.39,4.42,4.48,4.37,28198483.0,124790931.0
2017-02-22,4.42,4.43,4.43,4.39,19545300.0,86267558.0
2017-02-23,4.44,4.39,4.44,4.36,23641826.0,103902825.0
2017-02-24,4.38,4.43,4.43,4.35,23392344.0,102690614.0
2017-02-27,4.43,4.34,4.43,4.33,26705295.0,116705254.0
2017-02-28,4.34,4.33,4.36,4.29,24089652.0,103808707.0
2017-03-01,4.33,4.34,4.36,4.3,16521054.0,71582938.0
2017-03-02,4.35,4.29,4.35,4.28,16287528.0,70148723.0
2017-03-03,4.28,4.28,4.28,4.24,15816874.0,67323030.0
2017-03-06,4.27,4.3,4.31,4.26,20425175.0,87551126.0
2017-03-07,4.3,4.31,4.32,4.28,12309702.0,52902563.0
2017-03-08,4.31,4.28,4.31,4.26,12328998.0,52733736.0
2017-03-09,4.28,4.19,4.28,4.16,22548244.0,94786500.0
2017-03-10,4.18,4.14,4.21,4.12,24337697.0,100986433.0
2017-03-13,4.13,4.18,4.18,4.1,15028057.0,62224519.0
2017-03-14,4.17,4.17,4.19,4.15,11081543.0,46194771.0
2017-03-15,4.16,4.15,4.17,4.13,10898763.0,45215161.0
2017-03-16,4.16,4.23,4.23,4.16,18806105.0,78979583.0
2017-03-17,4.22,4.16,4.23,4.16,17296072.0,72518106.0
2017-03-20,4.16,4.2,4.21,4.14,13920763.0,57960479.0
2017-03-21,4.2,4.21,4.22,4.18,13335236.0,56053805.0
2017-03-22,4.19,4.18,4.21,4.15,13147304.0,54866781.0
2017-03-23,4.16,4.16,4.2,4.12,12835744.0,53475164.0
2017-03-24,4.16,4.15,4.17,4.11,16008179.0,66219722.0
2017-03-27,4.14,4.14,4.16,4.12,14116333.0,58367804.0
2017-03-28,4.13,4.11,4.14,4.1,9898914.0,40762042.0
2017-03-29,4.12,4.11,4.15,4.1,13809554.0,57031133.0
2017-03-30,4.12,3.99,4.13,3.98,26573739.0,107285212.0
2017-03-31,4.0,4.01,4.03,4.0,10375716.0,41706502.0
2017-04-05,4.02,4.09,4.11,4.01,14505434.0,59128654.0
2017-04-06,4.09,4.08,4.1,4.07,10364120.0,42338331.0
2017-04-07,4.08,4.08,4.09,4.04,11752372.0,47786176.0
2017-04-10,4.07,4.06,4.08,4.04,11509138.0,46737149.0
2017-04-11,4.06,4.1,4.11,4.04,18072095.0,73713554.0
2017-04-12,4.1,4.08,4.11,4.06,14788845.0,60365770.0
2017-04-13,4.06,4.1,4.12,4.06,13806570.0,56448623.0
2017-04-14,4.09,4.03,4.09,4.02,17634508.0,71366949.0
2017-04-17,4.03,4.0,4.03,3.98,10029002.0,40111656.0
2017-04-18,4.0,3.96,4.01,3.96,9937755.0,39627872.0
2017-04-19,3.95,3.86,3.95,3.82,21045580.0,81289575.0
2017-04-20,3.87,3.83,3.88,3.78,15490870.0,59380104.0
2017-04-21,3.83,3.78,3.84,3.76,12030267.0,45792322.0
2017-04-24,3.77,3.62,3.79,3.6,19882494.0,73028025.0
2017-04-25,3.63,3.62,3.67,3.61,17688602.0,64262841.0
2017-04-26,3.64,3.57,3.65,3.57,16289816.0,58720100.0
2017-04-27,3.58,3.66,3.7,3.45,26473279.0,94091927.0
2017-04-28,3.62,3.67,3.69,3.61,15432660.0,56354925.0
2017-05-02,3.68,3.71,3.73,3.64,13916081.0,51378295.0
2017-05-03,3.69,3.68,3.74,3.66,10576629.0,39007542.0
2017-05-04,3.7,3.62,3.7,3.62,9635002.0,35163840.0
2017-05-05,3.62,3.57,3.62,3.54,13847421.0,49511831.0
2017-05-08,3.56,3.53,3.57,3.51,7515771.0,26604344.0
2017-05-09,3.52,3.59,3.6,3.51,6702874.0,23834073.0
2017-05-10,3.58,3.52,3.62,3.51,8156139.0,29069841.0
2017-05-11,3.51,3.49,3.53,3.41,11080564.0,38524775.0
2017-05-12,3.5,3.43,3.5,3.4,12819377.0,44064348.0
2017-05-15,3.43,3.43,3.46,3.42,7453103.0,25615020.0
2017-05-16,3.42,3.47,3.48,3.35,15908309.0,54210559.0
2017-05-17,3.45,3.47,3.51,3.44,10847782.0,37665538.0
2017-05-18,3.44,3.43,3.47,3.42,6852997.0,23607719.0
2017-05-19,3.43,3.45,3.47,3.42,8037587.0,27671411.0
2017-05-22,3.45,3.36,3.46,3.36,8960032.0,30547185.0
2017-05-23,3.36,3.25,3.37,3.24,14780816.0,48918224.0
2017-05-24,3.25,3.25,3.26,3.15,11237942.0,36163270.0
2017-05-25,3.24,3.29,3.31,3.21,10479373.0,34213155.0
2017-05-26,3.29,3.28,3.32,3.27,8020376.0,26359710.0
2017-05-31,3.31,3.28,3.33,3.28,10040863.0,33249798.0
2017-06-01,3.26,3.2,3.29,3.19,8192219.0,26626221.0
2017-06-02,3.17,3.31,3.31,3.16,14674020.0,47573761.0
2017-06-05,3.3,3.31,3.33,3.28,6733062.0,22281078.0
2017-06-06,3.3,3.32,3.33,3.29,8275572.0,27385952.0
2017-06-07,3.3,3.37,3.38,3.3,13484192.0,45195124.0
2017-06-08,3.37,3.36,3.38,3.33,9336479.0,31330630.0
2017-06-09,3.36,3.34,3.37,3.32,5747958.0,19189286.0
2017-06-12,3.33,3.29,3.35,3.28,9680338.0,32041259.0
2017-06-13,3.29,3.32,3.34,3.28,6683697.0,22164155.0
2017-06-14,3.32,3.35,3.37,3.3,10016840.0,33383656.0
2017-06-15,3.36,3.45,3.45,3.34,21687697.0,73845942.0
2017-06-16,3.42,3.41,3.45,3.4,10013148.0,34236566.0
2017-06-19,3.42,3.43,3.45,3.4,9199762.0,31524953.0
2017-06-20,3.43,3.45,3.45,3.42,8850625.0,30407092.0
2017-06-21,3.45,3.43,3.45,3.41,5788922.0,19819978.0
2017-06-22,3.44,3.36,3.44,3.35,7296197.0,24800533.0
2017-06-23,3.36,3.35,3.37,3.31,7722053.0,25807486.0
2017-06-26,3.35,3.39,3.4,3.34,8357605.0,28104372.0
2017-06-27,3.38,3.39,3.4,3.36,7331604.0,24819228.0
2017-06-28,3.38,3.34,3.38,3.34,7839343.0,26326545.0
2017-06-29,3.34,3.34,3.37,3.34,7168137.0,24041454.0
2017-06-30,3.34,3.36,3.36,3.32,4617999.0,15440686.0
2017-07-03,3.36,3.4,3.42,3.35,10185386.0,34539152.0
2017-07-04,3.4,3.39,3.42,3.38,6174860.0,20963921.0
2017-07-05,3.4,3.42,3.43,3.38,8104191.0,27610668.0
2017-07-06,3.42,3.44,3.44,3.4,10338013.0,35409840.0
2017-07-07,3.43,3.43,3.45,3.4,8859343.0,30382901.0
2017-07-10,3.44,3.46,3.47,3.43,12231469.0,42235184.0
2017-07-11,3.46,3.41,3.46,3.41,11216147.0,38506477.0
2017-07-12,3.41,3.39,3.42,3.34,8115450.0,27398537.0
2017-07-13,3.39,3.4,3.42,3.37,9313270.0,31582071.0
2017-07-14,3.4,3.4,3.41,3.37,6329498.0,21481698.0
2017-07-17,3.39,3.21,3.4,3.19,21201239.0,69233563.0
2017-07-18,3.2,3.24,3.25,3.18,11197695.0,35970154.0
2017-07-19,3.23,3.29,3.3,3.22,10205670.0,33337286.0
2017-07-20,3.29,3.32,3.35,3.28,11991639.0,39907985.0
2017-07-21,3.32,3.33,3.34,3.29,9959232.0,33039627.0
2017-07-24,3.32,3.34,3.35,3.31,10758036.0,35816693.0
2017-07-25,3.33,3.34,3.34,3.31,10045540.0,33415112.0
2017-07-26,3.33,3.32,3.34,3.3,8075979.0,26779176.0
2017-07-27,3.32,3.36,3.38,3.3,13519231.0,45216292.0
2017-07-28,3.35,3.35,3.38,3.35,8828403.0,29699582.0
2017-07-31,3.35,3.37,3.39,3.33,11906176.0,40032425.0
2017-08-01,3.38,3.4,3.42,3.36,16479388.0,55955440.0
2017-08-02,3.39,3.34,3.4,3.33,16596909.0,55766788.0
2017-08-03,3.33,3.35,3.37,3.33,8303628.0,27800139.0
2017-08-04,3.36,3.41,3.44,3.34,20208529.0,68586135.0
2017-08-07,3.39,3.43,3.44,3.38,13806301.0,47132800.0
2017-08-08,3.42,3.6,3.68,3.41,59036932.0,210087614.0
2017-08-09,3.56,3.54,3.57,3.49,26827962.0,94553668.0
2017-08-10,3.53,3.48,3.54,3.44,19446753.0,67820389.0
2017-08-11,3.45,3.43,3.5,3.42,16406959.0,56718503.0
2017-08-14,3.44,3.49,3.5,3.43,14315651.0,49660864.0
2017-08-15,3.49,3.46,3.5,3.44,11851777.0,41052854.0
2017-08-16,3.46,3.46,3.48,3.44,7610099.0,26294384.0
2017-08-17,3.46,3.49,3.5,3.45,12873747.0,44729642.0
2017-08-18,3.48,3.45,3.48,3.45,9450407.0,32709102.0
2017-08-21,3.46,3.47,3.48,3.45,8797673.0,30477536.0
2017-08-22,3.47,3.44,3.48,3.44,9911542.0,34239608.0
2017-08-23,3.44,3.42,3.46,3.41,8943752.0,30692426.0
2017-08-24,3.42,3.37,3.44,3.36,9761834.0,33155901.0
2017-08-25,3.37,3.42,3.43,3.36,8641246.0,29378040.0
2017-08-28,3.41,3.45,3.46,3.41,13425435.0,46200690.0
2017-08-29,3.44,3.42,3.46,3.42,10052205.0,34602820.0
2017-08-30,3.44,3.43,3.44,3.42,7655525.0,26259737.0
2017-08-31,3.43,3.45,3.46,3.42,9967684.0,34275539.0
2017-09-01,3.45,3.48,3.48,3.44,13582803.0,47053969.0
2017-09-04,3.47,3.48,3.48,3.44,14739939.0,51016959.0
2017-09-05,3.48,3.47,3.48,3.45,12563695.0,43504200.0
2017-09-06,3.46,3.52,3.52,3.45,22770775.0,79467418.0
2017-09-07,3.66,3.58,3.77,3.57,61709916.0,224788087.0
2017-09-08,3.57,3.59,3.62,3.56,25803758.0,92544434.0
2017-09-11,3.57,3.66,3.69,3.57,24663586.0,89786045.0
2017-09-12,3.69,3.63,3.71,3.61,19196111.0,69774150.0
2017-09-13,3.63,3.61,3.64,3.59,11695899.0,42143997.0
2017-09-14,3.61,3.62,3.63,3.58,13528810.0,48695301.0
2017-09-15,3.61,3.57,3.62,3.57,10295734.0,36949767.0
2017-09-18,3.57,3.6,3.6,3.54,10604038.0,37801675.0
2017-09-19,3.59,3.66,3.68,3.55,29671648.0,107234163.0
2017-09-20,3.59,3.64,3.65,3.56,23098677.0,83411196.0
2017-09-21,3.63,3.62,3.68,3.61,16930012.0,61680753.0
2017-09-22,3.6,3.59,3.63,3.57,10736003.0,38592046.0
2017-09-25,3.58,3.51,3.59,3.5,12297261.0,43663001.0
2017-09-26,3.51,3.52,3.53,3.48,8923897.0,31224473.0
2017-09-27,3.52,3.52,3.54,3.48,8590656.0,30135704.0
2017-09-28,3.51,3.51,3.53,3.48,9230003.0,32325855.0
2017-09-29,3.5,3.51,3.54,3.49,9743330.0,34251912.0
2017-10-09,3.54,3.57,3.57,3.52,13787515.0,48871092.0
2017-10-10,3.56,3.63,3.64,3.55,23560217.0,85037859.0
2017-10-11,3.63,3.63,3.65,3.61,15303107.0,55512141.0
2017-10-12,3.64,3.54,3.64,3.5,21084176.0,75139188.0
2017-10-13,3.54,3.6,3.61,3.53,15391946.0,54996667.0
2017-10-16,3.6,3.55,3.64,3.54,15103852.0,54212215.0
2017-10-17,3.56,3.54,3.56,3.5,12459304.0,43909973.0
2017-10-18,3.53,3.52,3.58,3.51,10867041.0,38504820.0
2017-10-19,3.51,3.51,3.57,3.48,12544260.0,44105027.0
2017-10-20,3.51,3.52,3.53,3.48,7750768.0,27173406.0
2017-10-23,3.52,3.56,3.59,3.51,9696758.0,34414927.0
2017-10-24,3.56,3.54,3.57,3.51,10051057.0,35475438.0
2017-10-25,3.53,3.55,3.56,3.52,8516474.0,30106469.0
2017-10-26,3.54,3.54,3.56,3.53,8804871.0,31212530.0
2017-10-27,3.54,3.49,3.55,3.48,11632526.0,40875834.0
2017-10-30,3.49,3.37,3.49,3.34,16384420.0,55606027.0
2017-10-31,3.37,3.35,3.38,3.34,11275891.0,37870381.0
2017-11-01,3.36,3.36,3.38,3.35,6801033.0,22885372.0
2017-11-02,3.35,3.28,3.36,3.27,13639648.0,45114214.0
2017-11-03,3.28,3.25,3.3,3.23,12428397.0,40535546.0
2017-11-06,3.23,3.3,3.33,3.23,10840053.0,35646218.0
2017-11-07,3.3,3.31,3.32,3.28,7684349.0,25339922.0
2017-11-08,3.31,3.31,3.34,3.29,7134799.0,23661755.0
2017-11-09,3.31,3.32,3.33,3.3,6135817.0,20329540.0
2017-11-10,3.32,3.31,3.32,3.29,6509941.0,21498240.0
2017-11-13,3.3,3.26,3.32,3.26,10284257.0,33741293.0
2017-11-14,3.26,3.24,3.27,3.24,6570245.0,21351397.0
2017-11-15,3.24,3.25,3.27,3.23,6546398.0,21311336.0
2017-11-16,3.25,3.3,3.31,3.24,9635201.0,31577153.0
2017-11-17,3.28,3.15,3.29,3.08,15394555.0,49202857.0
2017-11-20,3.13,3.14,3.15,3.06,11806562.0,36670636.0
2017-11-21,3.14,3.15,3.17,3.12,8047415.0,25311942.0
2017-11-22,3.15,3.12,3.15,3.1,7936823.0,24831972.0
2017-11-23,3.13,3.07,3.13,3.06,8200838.0,25389737.0
2017-11-24,3.07,3.08,3.09,3.06,4268332.0,13134470.0
2017-11-27,3.08,3.07,3.1,3.04,5228138.0,16073605.0
2017-11-28,3.09,3.11,3.12,3.07,6316023.0,19549900.0
2017-11-29,3.11,3.1,3.12,3.06,6858658.0,21204544.0
2017-11-30,3.1,3.08,3.11,3.07,5114104.0,15843701.0
2017-12-01,3.07,3.12,3.12,3.07,5583264.0,17366630.0
2017-12-04,3.11,3.09,3.12,3.09,5846678.0,18157607.0
2017-12-05,3.09,2.99,3.1,2.99,9250948.0,28167228.0
2017-12-06,3.0,3.03,3.05,2.99,7484601.0,22516106.0
2017-12-07,3.03,3.03,3.05,3.01,5165661.0,15688142.0
2017-12-08,3.04,3.05,3.07,3.02,5726230.0,17480719.0
2017-12-11,3.05,3.08,3.09,3.05,5531789.0,17000707.0
2017-12-12,3.07,3.06,3.08,3.05,4312019.0,13234350.0
2017-12-13,3.06,3.07,3.07,3.03,4279092.0,13062198.0
2017-12-14,3.07,3.06,3.09,3.05,5887323.0,18102779.0
2017-12-15,3.06,3.1,3.11,3.06,6725470.0,20815120.0
2017-12-18,3.09,3.08,3.12,3.07,4241909.0,13113520.0
2017-12-19,3.08,3.1,3.1,3.07,3419229.0,10559170.0
2017-12-20,3.1,3.04,3.1,3.04,4796629.0,14722907.0
2017-12-21,3.04,3.05,3.07,3.01,4974326.0,15129997.0
2017-12-22,3.04,3.05,3.06,3.03,3640060.0,11108880.0
2017-12-25,3.04,3.05,3.08,3.02,3997720.0,12207381.0
2017-12-26,3.04,3.04,3.05,3.0,6440023.0,19519917.0
2017-12-27,3.03,3.03,3.06,3.02,5046287.0,15346686.0
2017-12-28,3.03,3.06,3.06,3.03,5571412.0,17017231.0
2017-12-29,3.06,3.07,3.08,3.04,4639493.0,14196820.0
2018-01-02,3.07,3.11,3.12,3.06,7536375.0,23346843.0
2018-01-03,3.1,3.12,3.12,3.09,8878829.0,27619457.0
2018-01-04,3.11,3.11,3.14,3.1,8230348.0,25670847.0
2018-01-05,3.1,3.14,3.16,3.1,11320139.0,35598626.0
2018-01-08,3.14,3.12,3.15,3.1,9241648.0,28879209.0
2018-01-09,3.13,3.11,3.13,3.1,6214976.0,19361858.0
2018-01-10,3.1,3.09,3.11,3.07,5293387.0,16381793.0
2018-01-11,3.09,3.13,3.13,3.08,6433921.0,20003494.0
2018-01-12,3.11,3.14,3.16,3.1,9914938.0,31062560.0
2018-01-15,3.14,3.07,3.14,3.05,10852291.0,33584717.0
2018-01-16,3.07,3.09,3.1,3.05,7060387.0,21769695.0
2018-01-17,3.08,3.11,3.13,3.05,11314789.0,35091493.0
2018-01-18,3.1,3.11,3.12,3.09,6460187.0,20074807.0
2018-01-19,3.11,3.07,3.11,3.07,10146980.0,31354230.0
2018-01-22,3.07,3.08,3.09,3.05,7362341.0,22608019.0
2018-01-23,3.08,3.11,3.12,3.07,9915700.0,30728194.0
2018-01-24,3.1,3.1,3.11,3.08,8130129.0,25192625.0
2018-01-25,3.1,3.13,3.14,3.09,12969040.0,40520069.0
2018-01-26,3.13,3.11,3.13,3.1,7740307.0,24156313.0
2018-01-29,3.11,3.09,3.12,3.07,6891419.0,21356651.0
2018-01-30,3.09,3.07,3.1,3.07,5002917.0,15429893.0
2018-01-31,3.07,3.0,3.07,2.98,14512911.0,43759262.0
2018-02-01,3.0,2.82,3.01,2.8,18889598.0,54299974.0
2018-02-02,2.81,2.75,2.81,2.7,11338665.0,31229113.0
2018-02-05,2.71,2.75,2.79,2.57,7993417.0,21722109.0
2018-02-06,2.69,2.66,2.77,2.63,12650247.0,34093756.0
2018-02-07,2.69,2.74,2.78,2.67,13122933.0,35793950.0
2018-02-08,2.75,2.8,2.83,2.73,10420670.0,29062528.0
2018-02-09,2.74,2.72,2.74,2.67,9889063.0,26679784.0
2018-02-12,2.7,2.79,2.81,2.7,9072299.0,25149796.0
2018-02-13,2.81,2.76,2.82,2.75,9045517.0,25119498.0
2018-02-14,2.75,2.75,2.77,2.72,5442415.0,14939954.0
2018-02-22,2.77,2.78,2.79,2.75,6294565.0,17414340.0
2018-02-23,2.77,2.79,2.81,2.77,7125565.0,19859689.0
2018-02-26,2.8,2.82,2.84,2.78,8502311.0,23882175.0
2018-02-27,2.82,2.82,2.85,2.81,7125489.0,20093845.0
2018-02-28,2.81,2.84,2.85,2.79,7533130.0,21278851.0
2018-03-01,2.83,2.87,2.87,2.81,8146161.0,23123097.0
2018-03-02,2.85,2.83,2.86,2.83,6137892.0,17406563.0
2018-03-05,2.83,2.81,2.84,2.79,5879290.0,16524922.0
2018-03-06,2.81,2.85,2.86,2.81,5956456.0,16851877.0
2018-03-07,2.85,2.84,2.87,2.83,6489122.0,18470253.0
2018-03-08,2.83,2.86,2.86,2.82,5393171.0,15315024.0
2018-03-09,2.86,2.88,2.89,2.85,7300839.0,20948254.0
2018-03-12,2.91,2.93,2.93,2.88,7681126.0,22313059.0
2018-03-13,2.92,2.93,2.95,2.9,8706428.0,25477302.0
2018-03-14,2.93,2.88,2.93,2.88,5618651.0,16252322.0
2018-03-15,2.87,2.85,2.88,2.82,5991564.0,17044435.0
2018-03-16,2.85,2.85,2.87,2.83,3786965.0,10794555.0
2018-03-19,2.85,2.86,2.87,2.82,4651165.0,13215888.0
2018-03-20,2.84,2.85,2.85,2.81,4921577.0,13914935.0
2018-03-21,2.84,2.85,2.87,2.83,6499745.0,18542955.0
2018-03-22,2.85,2.85,2.86,2.82,4997759.0,14171488.0
2018-03-23,2.82,2.87,3.06,2.77,40832117.0,118391243.0
2018-03-26,2.79,2.75,2.81,2.58,19634277.0,52924018.0
2018-03-27,2.74,2.77,2.8,2.72,14609351.0,40370235.0
2018-03-28,2.74,2.73,2.76,2.72,10671119.0,29196276.0
2018-03-29,2.73,2.77,2.78,2.71,9829782.0,26953890.0
2018-03-30,2.78,2.77,2.79,2.75,7864252.0,21717654.0
2018-04-02,2.78,2.77,2.79,2.75,7220907.0,19979806.0
2018-04-03,2.75,2.72,2.75,2.7,9095910.0,24737803.0
2018-04-04,2.71,2.74,2.75,2.7,7695692.0,21022952.0
2018-04-09,2.73,2.73,2.74,2.69,5986605.0,16256264.0
2018-04-10,2.74,2.74,2.74,2.7,6037595.0,16435355.0
2018-04-11,2.74,2.75,2.76,2.74,6476273.0,17787391.0
2018-04-12,2.74,2.72,2.74,2.72,4481456.0,12227883.0
2018-04-13,2.73,2.73,2.74,2.72,4122768.0,11246662.0
2018-04-16,2.73,2.7,2.74,2.68,4759722.0,12879399.0
2018-04-17,2.71,2.64,2.71,2.63,6530562.0,17449156.0
2018-04-18,2.65,2.66,2.67,2.61,5440994.0,14374545.0
2018-04-19,2.65,2.66,2.68,2.64,3415846.0,9103759.0
2018-04-20,2.66,2.63,2.66,2.61,6368183.0,16739019.0
2018-04-23,2.62,2.62,2.64,2.59,4693167.0,12256247.0
2018-04-24,2.62,2.66,2.67,2.61,5254398.0,13914699.0
2018-04-25,2.64,2.66,2.67,2.64,4339679.0,11511856.0
2018-04-26,2.66,2.62,2.66,2.61,6395198.0,16821334.0
2018-04-27,2.62,2.61,2.64,2.6,4551187.0,11895412.0
2018-05-02,2.61,2.62,2.63,2.6,3576035.0,9359056.0
2018-05-03,2.6,2.61,2.62,2.56,5899232.0,15297417.0
2018-05-04,2.61,2.64,2.64,2.6,4571156.0,11995840.0
2018-05-07,2.64,2.67,2.68,2.63,6014461.0,15976144.0
2018-05-08,2.66,2.66,2.67,2.64,5572604.0,14810465.0
2018-05-09,2.66,2.66,2.67,2.64,4075076.0,10816401.0
2018-05-10,2.67,2.68,2.69,2.66,5862338.0,15665108.0
2018-05-11,2.67,2.67,2.69,2.66,3586232.0,9580482.0
2018-05-14,2.66,2.64,2.67,2.64,3202454.0,8497267.0
2018-05-15,2.65,2.7,2.7,2.61,8803284.0,23415544.0
2018-05-16,2.69,2.73,2.84,2.66,23217867.0,63954712.0
2018-05-17,2.72,2.71,2.73,2.68,11121228.0,29982430.0
2018-05-18,2.7,2.69,2.71,2.65,10579050.0,28378515.0
2018-05-21,2.69,2.71,2.72,2.69,6629418.0,17918083.0
2018-05-22,2.71,2.74,2.76,2.7,8380858.0,22863982.0
2018-05-23,2.73,2.69,2.74,2.69,6451790.0,17456925.0
2018-05-24,2.69,2.7,2.71,2.68,5219597.0,14057964.0
2018-05-25,2.7,2.66,2.7,2.65,5206372.0,13881995.0
2018-05-28,2.66,2.62,2.66,2.59,6124805.0,16059424.0
2018-05-29,2.63,2.61,2.65,2.6,4883656.0,12816927.0
2018-05-30,2.6,2.54,2.6,2.52,7481201.0,19258107.0
2018-05-31,2.57,2.64,2.78,2.54,16550604.0,43681171.0
2018-06-01,2.62,2.61,2.66,2.59,8455288.0,22175917.0
2018-06-04,2.6,2.62,2.63,2.58,6529653.0,17040802.0
2018-06-05,2.62,2.62,2.63,2.58,4626251.0,12043626.0
2018-06-06,2.63,2.61,2.63,2.6,3219369.0,8404435.0
2018-06-07,2.62,2.61,2.63,2.59,3232623.0,8425111.0
2018-06-08,2.61,2.57,2.61,2.54,5275377.0,13537450.0
2018-06-11,2.56,2.55,2.59,2.53,3936370.0,10050293.0
2018-06-12,2.55,2.55,2.57,2.54,3075878.0,7847778.0
2018-06-13,2.55,2.51,2.56,2.51,3832973.0,9695613.0
2018-06-14,2.52,2.5,2.53,2.49,3774698.0,9444986.0
2018-06-15,2.5,2.44,2.51,2.42,7345516.0,18030434.0
2018-06-19,2.42,2.2,2.5,2.19,16370447.0,37968561.0
2018-06-20,2.2,2.2,2.24,2.16,11151055.0,24545323.0
2018-06-21,2.21,2.18,2.24,2.17,7119660.0,15753642.0
2018-06-22,2.17,2.21,2.23,2.14,5325147.0,11725631.0
2018-06-25,2.21,2.19,2.25,2.18,4541070.0,10097665.0
2018-06-26,2.17,2.24,2.27,2.15,7621654.0,16990656.0
2018-06-27,2.24,2.24,2.28,2.22,7929497.0,17811224.0
2018-06-28,2.23,2.24,2.26,2.22,4676741.0,10491531.0
2018-06-29,2.24,2.29,2.3,2.23,6570091.0,14945039.0
2018-07-02,2.29,2.26,2.29,2.23,5504948.0,12492492.0
2018-07-03,2.27,2.29,2.3,2.24,3927366.0,8908564.0
2018-07-04,2.28,2.25,2.3,2.24,5449082.0,12320368.0
2018-07-05,2.24,2.17,2.25,2.15,7383678.0,16285013.0
2018-07-06,2.17,2.2,2.21,2.13,8229551.0,17926475.0
2018-07-09,2.22,2.24,2.24,2.2,5636171.0,12548517.0
2018-07-10,2.23,2.24,2.24,2.22,4135394.0,9228627.0
2018-07-11,2.22,2.19,2.23,2.14,8464288.0,18543614.0
2018-07-12,2.18,2.25,2.25,2.17,6132878.0,13668841.0
2018-07-13,2.25,2.24,2.26,2.22,4611306.0,10354315.0
2018-07-16,2.24,2.23,2.25,2.22,4058942.0,9071426.0
2018-07-17,2.24,2.25,2.26,2.21,5088309.0,11387578.0
2018-07-18,2.25,2.27,2.29,2.24,5951470.0,13519642.0
2018-07-19,2.27,2.25,2.27,2.22,4671981.0,10495591.0
2018-07-20,2.23,2.26,2.27,2.21,5708878.0,12844510.0
2018-07-23,2.26,2.3,2.3,2.25,7478970.0,17035567.0
2018-07-24,2.28,2.33,2.35,2.28,9973382.0,23221677.0
2018-07-25,2.34,2.34,2.36,2.32,6947324.0,16251955.0
2018-07-26,2.34,2.41,2.45,2.33,18252050.0,43926144.0
2018-07-27,2.4,2.39,2.43,2.37,9640821.0,23195457.0
2018-07-30,2.38,2.34,2.39,2.32,9456265.0,22292916.0
2018-07-31,2.34,2.36,2.37,2.32,4775436.0,11210366.0
2018-08-01,2.36,2.31,2.37,2.3,7086465.0,16576613.0
2018-08-02,2.31,2.26,2.32,2.21,8615403.0,19398619.0
2018-08-03,2.25,2.24,2.28,2.24,5944206.0,13436016.0
2018-08-06,2.26,2.37,2.47,2.26,34939594.0,82890530.0
2018-08-07,2.35,2.4,2.4,2.3,20859249.0,49101468.0
2018-08-08,2.38,2.34,2.41,2.33,12689187.0,29952462.0
2018-08-09,2.34,2.38,2.4,2.33,12553250.0,29847371.0
2018-08-10,2.43,2.62,2.62,2.42,29750668.0,77024779.0
2018-08-13,2.77,2.63,2.88,2.63,94543778.0,258736491.0
2018-08-14,2.55,2.63,2.75,2.55,56059778.0,147097066.0
2018-08-15,2.6,2.51,2.63,2.5,30483630.0,78341343.0
2018-08-16,2.52,2.6,2.7,2.52,34276177.0,89526112.0
2018-08-17,2.69,2.59,2.72,2.53,23651660.0,61965230.0
2018-08-20,2.58,2.57,2.63,2.49,19249041.0,49605172.0
2018-08-21,2.61,2.56,2.61,2.52,23442491.0,59796993.0
2018-08-22,2.53,2.49,2.55,2.45,17831615.0,44607711.0
2018-08-23,2.47,2.49,2.51,2.45,10023934.0,24867379.0
2018-08-24,2.48,2.47,2.49,2.45,8001147.0,19780191.0
2018-08-27,2.45,2.5,2.51,2.42,14918151.0,36872866.0
2018-08-28,2.49,2.49,2.5,2.46,9918276.0,24583541.0
2018-08-29,2.48,2.5,2.5,2.44,11117664.0,27448061.0
2018-08-30,2.52,2.48,2.55,2.48,11646509.0,29258406.0
2018-08-31,2.46,2.49,2.52,2.45,9842929.0,24498407.0
2018-09-03,2.47,2.53,2.54,2.45,11168067.0,27895161.0
2018-09-04,2.53,2.55,2.55,2.51,9677689.0,24549846.0
2018-09-05,2.54,2.48,2.54,2.48,9508603.0,23900158.0
2018-09-06,2.47,2.45,2.49,2.44,7146722.0,17630948.0
2018-09-07,2.45,2.47,2.5,2.45,6518666.0,16150012.0
2018-09-10,2.45,2.4,2.48,2.4,7427297.0,18073899.0
2018-09-11,2.4,2.41,2.42,2.39,4550497.0,10954884.0
2018-09-12,2.42,2.4,2.42,2.39,3803974.0,9175047.0
2018-09-13,2.41,2.43,2.43,2.39,5032978.0,12152113.0
2018-09-14,2.42,2.41,2.43,2.4,3318335.0,8028302.0
2018-09-17,2.4,2.42,2.43,2.38,4881864.0,11752268.0
2018-09-18,2.42,2.47,2.48,2.4,5665562.0,13830644.0
2018-09-19,2.47,2.48,2.51,2.46,9694609.0,24102069.0
2018-09-20,2.49,2.48,2.49,2.46,4740551.0,11754032.0
2018-09-21,2.48,2.51,2.52,2.48,6394893.0,15984271.0
2018-09-25,2.51,2.49,2.51,2.47,4492173.0,11202974.0
2018-09-26,2.49,2.49,2.51,2.47,5398463.0,13465795.0
2018-09-27,2.49,2.43,2.49,2.41,7709978.0,18881058.0
2018-09-28,2.43,2.43,2.45,2.42,3600188.0,8787231.0
2018-10-08,2.42,2.33,2.42,2.31,8471286.0,20105081.0
2018-10-09,2.33,2.35,2.36,2.33,3249535.0,7637652.0
2018-10-10,2.33,2.36,2.36,2.33,2744663.0,6449275.0
2018-10-11,2.33,2.22,2.33,2.16,10765136.0,24058019.0
2018-10-12,2.25,2.31,2.32,2.15,14349517.0,32447396.0
2018-10-15,2.31,2.22,2.33,2.19,11310262.0,25453779.0
2018-10-16,2.22,2.21,2.24,2.18,5103119.0,11287660.0
2018-10-17,2.23,2.24,2.25,2.18,4555435.0,10116577.0
2018-10-18,2.22,2.17,2.22,2.16,4510507.0,9876602.0
2018-10-19,2.17,2.2,2.21,2.12,4332010.0,9423630.0
2018-10-22,2.22,2.32,2.32,2.2,11059642.0,25284845.0
2018-10-23,2.32,2.29,2.33,2.27,5765439.0,13250413.0
2018-10-24,2.28,2.28,2.33,2.25,6485169.0,14825983.0
2018-10-25,2.24,2.28,2.29,2.21,5925801.0,13367253.0
2018-10-26,2.28,2.31,2.31,2.26,8913130.0,20475002.0
2018-10-29,2.32,2.34,2.39,2.3,12479890.0,29310552.0
2018-10-30,2.33,2.37,2.41,2.29,9715283.0,22804237.0
2018-10-31,2.44,2.41,2.54,2.39,14237958.0,34897339.0
2018-11-01,2.4,2.39,2.45,2.38,9591160.0,23176154.0
2018-11-02,2.44,2.45,2.49,2.41,13730201.0,33588133.0
2018-11-05,2.56,2.63,2.7,2.5,41460054.0,108461081.0
2018-11-06,2.58,2.55,2.63,2.53,16683245.0,42810838.0
2018-11-07,2.57,2.73,2.81,2.52,48485046.0,130237617.0
2018-11-08,2.73,2.81,2.96,2.7,49726314.0,139821064.0
2018-11-09,2.79,2.76,2.82,2.73,20801772.0,57590103.0
2018-11-12,2.74,2.77,2.82,2.71,24287082.0,67026191.0
2018-11-13,2.73,2.77,2.84,2.69,25068944.0,69263999.0
2018-11-14,2.75,2.76,2.84,2.73,27332655.0,76116194.0
2018-11-15,2.73,2.76,2.78,2.73,14538842.0,39988581.0
2018-11-16,2.76,2.78,2.81,2.73,16946258.0,47062706.0
2018-11-19,2.8,2.78,2.8,2.74,14899940.0,41305168.0
2018-11-20,2.78,2.62,2.78,2.6,22890040.0,61332540.0
2018-11-21,2.58,2.67,2.67,2.58,15723849.0,41536576.0
2018-11-22,2.68,2.67,2.74,2.66,13743272.0,36966981.0
2018-11-23,2.69,2.55,2.7,2.55,13317161.0,34849029.0
2018-11-26,2.56,2.57,2.6,2.55,7075865.0,18231511.0
2018-11-27,2.59,2.55,2.61,2.54,7346102.0,18900703.0
2018-11-28,2.55,2.59,2.59,2.5,10146657.0,25993704.0
2018-11-29,2.58,2.54,2.63,2.54,11665936.0,30352407.0
2018-11-30,2.53,2.57,2.58,2.52,6625852.0,16939310.0
2018-12-03,2.63,2.64,2.64,2.6,10077187.0,26461125.0
2018-12-04,2.63,2.62,2.64,2.59,7945394.0,20807348.0
2018-12-05,2.59,2.62,2.64,2.56,9430726.0,24563484.0
2018-12-06,2.61,2.61,2.64,2.6,6617995.0,17335048.0
2018-12-07,2.59,2.62,2.65,2.58,6939171.0,18154550.0
2018-12-10,2.6,2.55,2.61,2.53,6955591.0,17806532.0
2018-12-11,2.54,2.58,2.59,2.54,5428786.0,13981776.0
2018-12-12,2.6,2.62,2.63,2.58,5713154.0,14918492.0
2018-12-13,2.63,2.61,2.66,2.6,10695073.0,28161115.0
2018-12-14,2.62,2.56,2.64,2.56,7302548.0,19105165.0
2018-12-17,2.57,2.55,2.6,2.52,9902744.0,25184320.0
2018-12-18,2.53,2.51,2.56,2.51,7434377.0,18815268.0
2018-12-19,2.5,2.53,2.56,2.5,7474716.0,18933429.0
2018-12-20,2.51,2.54,2.55,2.5,5761858.0,14550176.0
2018-12-21,2.53,2.49,2.53,2.47,7619822.0,19071015.0
2018-12-24,2.48,2.52,2.53,2.47,4069298.0,10224551.0
2018-12-25,2.5,2.45,2.5,2.41,8482256.0,20840957.0
2018-12-26,2.46,2.44,2.48,2.43,4462558.0,10960722.0
2018-12-27,2.48,2.39,2.49,2.38,9189942.0,22300166.0
2018-12-28,2.38,2.38,2.41,2.37,4195516.0,10034262.0
2019-01-02,2.38,2.37,2.4,2.35,5561551.0,13213494.0
2019-01-03,2.38,2.4,2.42,2.36,7279648.0,17445061.0
2019-01-04,2.38,2.43,2.46,2.36,11691416.0,28317835.0
2019-01-07,2.44,2.46,2.5,2.43,10993930.0,27085241.0
2019-01-08,2.45,2.5,2.51,2.45,9194072.0,22944323.0
2019-01-09,2.49,2.49,2.53,2.49,12100185.0,30377379.0
2019-01-10,2.5,2.49,2.53,2.47,8024674.0,20150043.0
2019-01-11,2.51,2.61,2.68,2.5,21333829.0,55127683.0
2019-01-14,2.6,2.57,2.63,2.55,12367906.0,31869649.0
2019-01-15,2.56,2.58,2.6,2.53,10315360.0,26464594.0
2019-01-16,2.58,2.56,2.61,2.54,10391179.0,26720290.0
2019-01-17,2.57,2.52,2.58,2.52,7694465.0,19635063.0
2019-01-18,2.55,2.54,2.56,2.52,6722801.0,17064461.0
2019-01-21,2.54,2.57,2.59,2.53,9061068.0,23217559.0
2019-01-22,2.55,2.56,2.59,2.54,8482129.0,21778012.0
2019-01-23,2.58,2.61,2.64,2.56,12820901.0,33251242.0
2019-01-24,2.59,2.65,2.74,2.55,24748253.0,65227967.0
2019-01-25,2.62,2.55,2.62,2.54,14099755.0,36381021.0
2019-01-28,2.55,2.53,2.58,2.51,8815052.0,22470935.0
2019-01-29,2.52,2.49,2.54,2.42,9776407.0,24258388.0
2019-01-30,2.49,2.46,2.49,2.45,4091966.0,10116261.0
2019-01-31,2.44,2.43,2.5,2.42,7312150.0,17980949.0
2019-02-01,2.43,2.46,2.48,2.43,5740840.0,14120034.0
2019-02-11,2.47,2.55,2.55,2.47,9335508.0,23560338.0
2019-02-12,2.56,2.57,2.59,2.54,9599823.0,24600730.0
2019-02-13,2.57,2.6,2.61,2.55,12687483.0,32768479.0
2019-02-14,2.6,2.6,2.61,2.54,10798619.0,27878587.0
2019-02-15,2.58,2.64,2.73,2.57,32121343.0,85492399.0
2019-02-18,2.64,2.69,2.7,2.63,27279314.0,72624480.0
2019-02-19,2.68,2.67,2.71,2.65,16819479.0,44976681.0
2019-02-20,2.71,2.68,2.77,2.66,27277635.0,74094196.0
2019-02-21,2.66,2.67,2.73,2.63,23668336.0,63426303.0
2019-02-22,2.67,2.77,2.85,2.65,49869816.0,137264663.0
2019-02-25,2.74,2.88,2.93,2.73,60021212.0,169548797.0
2019-02-26,2.87,2.94,3.05,2.83,58493792.0,170877998.0
2019-02-27,2.93,2.89,2.98,2.85,37056427.0,108182257.0
2019-02-28,2.87,2.87,2.9,2.85,19335666.0,55549817.0
2019-03-01,2.87,2.88,2.91,2.84,18832247.0,53963915.0
2019-03-04,2.91,2.93,3.0,2.9,45198980.0,133272619.0
2019-03-05,2.95,2.97,2.98,2.9,29077739.0,85556391.0
2019-03-06,2.97,3.02,3.02,2.94,39948632.0,119061316.0
2019-03-07,3.02,3.13,3.18,2.99,56951911.0,176051022.0
2019-03-08,3.08,2.92,3.12,2.92,38496561.0,116119344.0
2019-03-11,2.94,3.04,3.05,2.92,37751384.0,113397484.0
2019-03-12,3.05,3.24,3.25,3.05,72700651.0,228588390.0
2019-03-13,3.25,3.08,3.31,2.98,74609329.0,238024754.0
2019-03-14,3.06,2.87,3.1,2.83,51287682.0,150708998.0
2019-03-15,2.9,2.91,2.96,2.86,31355020.0,91333949.0
2019-03-18,2.92,2.99,3.0,2.9,34347564.0,101090354.0
2019-03-19,2.99,3.03,3.03,2.98,28372587.0,85238974.0
2019-03-20,3.03,3.04,3.08,2.98,27109072.0,82116846.0
2019-03-21,3.04,3.05,3.08,3.02,27766054.0,84660579.0
2019-03-22,3.07,3.02,3.07,2.98,28360278.0,85467113.0
2019-03-25,2.96,2.98,3.01,2.92,29859962.0,88664649.0
2019-03-26,2.99,2.89,3.0,2.87,25095551.0,73449117.0
2019-03-27,2.89,2.84,2.92,2.8,24359773.0,69300934.0
2019-03-28,2.84,2.79,2.84,2.78,18214228.0,51146482.0
2019-03-29,2.79,2.88,2.88,2.78,20385455.0,57974940.0
2019-04-01,2.88,2.98,2.98,2.87,27207588.0,80244063.0
2019-04-02,2.99,2.98,3.01,2.96,25978552.0,77465366.0
2019-04-03,2.96,3.06,3.12,2.96,40563511.0,123104269.0
2019-04-04,3.04,3.04,3.08,3.02,28197883.0,85755651.0
2019-04-08,3.06,3.1,3.14,3.03,39371025.0,121215617.0
2019-04-09,3.09,3.08,3.19,3.04,39253379.0,121704656.0
2019-04-10,3.07,3.06,3.08,3.01,25517193.0,77598089.0
2019-04-11,3.05,3.05,3.11,3.04,24628901.0,75511417.0
2019-04-12,3.07,3.15,3.22,3.06,63382932.0,198740050.0
2019-04-15,3.17,3.11,3.19,3.09,40293087.0,126617047.0
2019-04-16,3.13,3.14,3.18,3.02,34185649.0,105614045.0
2019-04-17,3.15,3.17,3.17,3.1,31950669.0,100298344.0
2019-04-18,3.17,3.13,3.23,3.12,31665882.0,100119505.0
2019-04-19,3.13,3.12,3.13,3.07,24390596.0,75527365.0
2019-04-22,3.11,3.09,3.17,3.08,23837415.0,74582467.0
2019-04-23,3.09,3.11,3.18,3.03,37165881.0,115502041.0
2019-04-24,3.09,3.07,3.11,3.01,23703935.0,72248121.0
2019-04-25,3.06,3.02,3.24,2.98,52377295.0,163047851.0
2019-04-26,2.95,2.85,2.96,2.79,39858135.0,114172901.0
2019-04-29,2.85,2.63,2.85,2.62,32459531.0,88228306.0
2019-04-30,2.67,2.71,2.72,2.64,15430855.0,41453023.0
2019-05-06,2.66,2.56,2.77,2.49,27859019.0,73509784.0
2019-05-07,2.59,2.78,2.82,2.55,41015627.0,110931288.0
2019-05-08,2.71,2.66,2.76,2.65,28510145.0,77136220.0
2019-05-09,2.64,2.63,2.69,2.6,16218696.0,42809814.0
2019-05-10,2.64,2.73,2.73,2.63,23693541.0,63426655.0
2019-05-13,2.7,2.71,2.73,2.68,13905685.0,37647768.0
2019-05-14,2.69,2.67,2.72,2.66,12235997.0,32925534.0
2019-05-15,2.69,2.73,2.74,2.68,15912086.0,43211781.0
2019-05-16,2.73,2.76,2.78,2.71,20100855.0,55374446.0
2019-05-17,2.77,2.71,2.84,2.69,29743037.0,82373837.0
2019-05-20,2.68,2.65,2.69,2.55,17253793.0,45166221.0
2019-05-21,2.64,2.67,2.7,2.61,12126158.0,32439921.0
2019-05-22,2.68,2.65,2.68,2.61,12294684.0,32662352.0
2019-05-23,2.64,2.6,2.65,2.58,9345792.0,24413201.0
2019-05-24,2.58,2.63,2.64,2.57,9154048.0,23861060.0
2019-05-27,2.63,2.68,2.69,2.61,9472162.0,25137702.0
2019-05-28,2.67,2.68,2.73,2.67,12398982.0,33438347.0
2019-05-29,2.68,2.69,2.71,2.66,8865875.0,23836616.0
2019-05-30,2.69,2.74,2.76,2.67,18722980.0,50948709.0
2019-05-31,2.74,2.68,2.75,2.68,13001025.0,35179846.0
2019-06-03,2.69,2.69,2.72,2.67,10873400.0,29317625.0
2019-06-04,2.67,2.6,2.69,2.58,11263890.0,29553836.0
2019-06-05,2.62,2.62,2.66,2.6,10319334.0,27132802.0
2019-06-06,2.62,2.56,2.63,2.55,9762823.0,25214867.0
2019-06-10,2.57,2.57,2.58,2.52,7617021.0,19455064.0
2019-06-11,2.56,2.65,2.66,2.56,11130287.0,29184277.0
2019-06-12,2.64,2.7,2.72,2.63,17907885.0,48029228.0
2019-06-13,2.68,2.69,2.71,2.64,11751070.0,31382416.0
2019-06-14,2.69,2.68,2.73,2.66,16719978.0,45143823.0
2019-06-17,2.66,2.67,2.72,2.66,7375142.0,19812953.0
2019-06-18,2.68,2.71,2.75,2.67,13472106.0,36638798.0
2019-06-19,2.72,2.71,2.76,2.69,18576625.0,50612927.0
2019-06-20,2.71,2.74,2.75,2.69,15570471.0,42411102.0
2019-06-21,2.75,2.74,2.77,2.72,20726812.0,56810739.0
2019-06-24,2.74,2.76,2.76,2.72,13297565.0,36459908.0
2019-06-25,2.76,2.7,2.76,2.68,12274376.0,33301771.0
2019-06-26,2.7,2.69,2.71,2.68,7156452.0,19295908.0
2019-06-27,2.7,2.69,2.72,2.68,7807248.0,21052907.0
2019-06-28,2.69,2.63,2.7,2.62,11067716.0,29283679.0
2019-07-01,2.66,2.69,2.69,2.65,10106846.0,27052941.0
2019-07-02,2.69,2.7,2.73,2.68,11135898.0,30138947.0
2019-07-03,2.7,2.73,2.83,2.65,36638232.0,100975188.0
2019-07-04,2.72,2.68,2.74,2.66,22184679.0,59911532.0
2019-07-05,2.69,2.69,2.69,2.64,7990114.0,21366510.0
2019-07-08,2.69,2.62,2.69,2.61,11358738.0,29928720.0
2019-07-09,2.61,2.64,2.64,2.6,6898356.0,18052092.0
2019-07-10,2.64,2.6,2.64,2.59,5902551.0,15411013.0
2019-07-11,2.61,2.61,2.68,2.58,8593284.0,22538728.0
2019-07-12,2.6,2.61,2.62,2.59,4705182.0,12277542.0
2019-07-15,2.62,2.63,2.66,2.58,9064044.0,23693591.0
2019-07-16,2.64,2.63,2.65,2.61,5746553.0,15105038.0
2019-07-17,2.62,2.65,2.66,2.61,7488543.0,19756914.0
2019-07-18,2.64,2.61,2.64,2.6,6964868.0,18203952.0
2019-07-19,2.6,2.61,2.63,2.6,6405141.0,16773696.0
2019-07-22,2.63,2.54,2.63,2.53,10170036.0,26026012.0
2019-07-23,2.53,2.55,2.56,2.53,3135224.0,7994379.0
2019-07-24,2.55,2.55,2.58,2.54,6257354.0,16030605.0
2019-07-25,2.56,2.54,2.56,2.52,7157142.0,18164420.0
2019-07-26,2.53,2.53,2.54,2.52,3647110.0,9243574.0
2019-07-29,2.53,2.53,2.54,2.52,3027853.0,7666406.0
2019-07-30,2.53,2.54,2.56,2.52,4518042.0,11484605.0
2019-07-31,2.54,2.52,2.54,2.51,4228255.0,10649669.0
2019-08-01,2.51,2.52,2.56,2.51,5340355.0,13528256.0
2019-08-02,2.5,2.47,2.5,2.45,8836454.0,21846451.0
2019-08-05,2.47,2.43,2.47,2.41,5659847.0,13789602.0
2019-08-06,2.4,2.32,2.4,2.21,13901274.0,32225537.0
2019-08-07,2.32,2.31,2.35,2.24,13332032.0,30630307.0
2019-08-08,2.31,2.3,2.33,2.29,6135179.0,14139383.0
2019-08-09,2.31,2.26,2.32,2.25,5919527.0,13513894.0
2019-08-12,2.25,2.28,2.29,2.22,6667632.0,15052841.0
2019-08-13,2.26,2.26,2.27,2.24,4958979.0,11206574.0
2019-08-14,2.27,2.26,2.29,2.26,7124954.0,16206857.0
2019-08-15,2.23,2.26,2.26,2.19,7936805.0,17690827.0
2019-08-16,2.25,2.27,2.29,2.24,7498691.0,17033444.0
2019-08-19,2.27,2.33,2.33,2.27,12242618.0,28219084.0
2019-08-20,2.32,2.32,2.35,2.31,8517942.0,19815606.0
2019-08-21,2.32,2.32,2.34,2.31,5409769.0,12581393.0
2019-08-22,2.34,2.32,2.34,2.31,5032872.0,11697047.0
2019-08-23,2.33,2.32,2.34,2.31,6593072.0,15299662.0
2019-08-26,2.28,2.29,2.3,2.25,7947543.0,18100578.0
2019-08-27,2.3,2.35,2.35,2.3,9749822.0,22760310.0
2019-08-28,2.34,2.41,2.43,2.33,16200989.0,38582844.0
2019-08-29,2.41,2.37,2.41,2.36,10121262.0,24087457.0
2019-08-30,2.38,2.35,2.4,2.34,9598444.0,22779522.0
2019-09-02,2.36,2.4,2.4,2.34,11895395.0,28371693.0
2019-09-03,2.39,2.4,2.42,2.37,9191015.0,22018663.0
2019-09-04,2.38,2.41,2.41,2.38,9032478.0,21653953.0
2019-09-05,2.41,2.42,2.45,2.41,13016152.0,31640350.0
2019-09-06,2.43,2.42,2.44,2.4,8988178.0,21708668.0
2019-09-09,2.43,2.44,2.45,2.42,9734537.0,23714919.0
2019-09-10,2.45,2.48,2.5,2.43,16376391.0,40555387.0
2019-09-11,2.46,2.48,2.5,2.46,12175065.0,30205946.0
2019-09-12,2.5,2.57,2.58,2.48,23411219.0,59382949.0
2019-09-16,2.58,2.54,2.58,2.51,18124658.0,45933429.0
2019-09-17,2.53,2.44,2.53,2.43,16781963.0,41373372.0
2019-09-18,2.44,2.46,2.47,2.44,6569121.0,16161579.0
2019-09-19,2.47,2.48,2.48,2.44,5589729.0,13758369.0
2019-09-20,2.49,2.48,2.5,2.47,5615566.0,13933784.0
2019-09-23,2.46,2.43,2.48,2.42,5683573.0,13858090.0
2019-09-24,2.44,2.44,2.45,2.43,5349644.0,13044349.0
2019-09-25,2.44,2.35,2.44,2.34,10689849.0,25371311.0
2019-09-26,2.36,2.31,2.37,2.3,6984498.0,16253520.0
2019-09-27,2.32,2.33,2.35,2.3,4491406.0,10469334.0
2019-09-30,2.33,2.3,2.34,2.3,4711015.0,10913631.0
2019-10-08,2.29,2.3,2.32,2.27,8670210.0,19904992.0
2019-10-09,2.29,2.31,2.32,2.28,6291168.0,14498886.0
2019-10-10,2.31,2.35,2.36,2.3,6749810.0,15766825.0
2019-10-11,2.35,2.36,2.38,2.34,8832375.0,20835543.0
2019-10-14,2.37,2.37,2.39,2.35,10138240.0,24056532.0
2019-10-15,2.36,2.35,2.37,2.33,6608827.0,15506071.0
2019-10-16,2.35,2.31,2.37,2.31,6794374.0,15893944.0
2019-10-17,2.31,2.32,2.34,2.31,3796229.0,8826156.0
2019-10-18,2.32,2.29,2.34,2.28,6144389.0,14181921.0
2019-10-21,2.29,2.34,2.35,2.27,9635053.0,22362227.0
2019-10-22,2.33,2.36,2.37,2.32,8737326.0,20487970.0
2019-10-23,2.6,2.6,2.6,2.6,24916774.0,64806185.0
2019-10-24,2.6,2.86,2.86,2.56,168672209.0,467311525.0
2019-10-25,2.86,2.89,3.04,2.69,163059295.0,469782648.0
2019-10-28,2.77,2.74,2.83,2.7,105602547.0,290795926.0
2019-10-29,2.7,2.65,2.73,2.6,80713889.0,214312681.0
2019-10-30,2.61,2.56,2.64,2.46,77326977.0,196779180.0
2019-10-31,2.53,2.49,2.56,2.47,35102586.0,88224624.0
2019-11-01,2.48,2.5,2.54,2.44,31811160.0,79609090.0
2019-11-04,2.5,2.47,2.51,2.46,24854040.0,61789440.0
2019-11-05,2.46,2.51,2.54,2.45,33637645.0,84211245.0
2019-11-06,2.5,2.41,2.5,2.4,31520370.0,77154619.0
2019-11-07,2.4,2.45,2.49,2.39,23509903.0,57657782.0
2019-11-08,2.45,2.4,2.46,2.4,19263923.0,46819246.0
2019-11-11,2.39,2.35,2.41,2.34,19216541.0,45699152.0
2019-11-12,2.36,2.39,2.39,2.34,15828023.0,37436693.0
2019-11-13,2.39,2.36,2.39,2.35,11607645.0,27462920.0
2019-11-14,2.35,2.38,2.38,2.35,10200370.0,24141191.0
2019-11-15,2.37,2.32,2.37,2.32,14192351.0,33259163.0
2019-11-18,2.32,2.33,2.34,2.3,10499074.0,24437790.0
2019-11-19,2.33,2.37,2.37,2.32,14194781.0,33395545.0
2019-11-20,2.36,2.39,2.41,2.34,20003364.0,47458450.0
2019-11-21,2.38,2.37,2.39,2.35,12469552.0,29549653.0
2019-11-22,2.37,2.34,2.38,2.33,13491688.0,31777637.0
2019-11-25,2.34,2.37,2.37,2.31,11465054.0,26895622.0
2019-11-26,2.36,2.36,2.38,2.35,9433405.0,22315497.0
2019-11-27,2.37,2.37,2.39,2.35,11558172.0,27397576.0
2019-11-28,2.37,2.34,2.38,2.33,8428969.0,19851843.0
2019-11-29,2.34,2.34,2.34,2.32,9046807.0,21069034.0
2019-12-02,2.34,2.33,2.35,2.33,5934521.0,13881232.0
2019-12-03,2.32,2.35,2.35,2.32,5539971.0,12919032.0
2019-12-04,2.34,2.34,2.35,2.32,5089132.0,11891479.0
2019-12-05,2.34,2.38,2.38,2.34,11038630.0,26020828.0
2019-12-06,2.37,2.37,2.38,2.35,9474819.0,22430774.0
2019-12-09,2.37,2.37,2.38,2.35,8355112.0,19772555.0
2019-12-10,2.36,2.35,2.36,2.34,8522078.0,20031607.0
2019-12-11,2.35,2.34,2.36,2.33,7186347.0,16839357.0
2019-12-12,2.34,2.33,2.35,2.33,5842076.0,13679788.0
2019-12-13,2.34,2.36,2.37,2.33,9304905.0,21901199.0
2019-12-16,2.37,2.38,2.38,2.35,13566654.0,32136304.0
2019-12-17,2.37,2.41,2.43,2.37,20168369.0,48487110.0
2019-12-18,2.41,2.42,2.43,2.39,14852824.0,35863601.0
2019-12-19,2.42,2.44,2.45,2.41,15044999.0,36654467.0
2019-12-20,2.44,2.41,2.45,2.4,12982033.0,31576003.0
2019-12-23,2.41,2.36,2.42,2.35,14941858.0,35637003.0
2019-12-24,2.36,2.38,2.39,2.35,8194134.0,19426637.0
2019-12-25,2.38,2.38,2.4,2.36,8621341.0,20567169.0
2019-12-26,2.38,2.39,2.39,2.36,9432170.0,22403545.0
2019-12-27,2.39,2.41,2.42,2.38,15298304.0,36780851.0
2019-12-30,2.4,2.42,2.43,2.37,15653709.0,37600565.46
2019-12-31,2.42,2.47,2.53,2.41,35425100.0,87508408.51
2020-01-02,2.48,2.52,2.54,2.45,36023288.0,89838374.29
2020-01-03,2.54,2.54,2.63,2.52,52989298.0,136364201.38
2020-01-06,2.5,2.54,2.56,2.48,37079652.0,93602446.55
2020-01-07,2.53,2.57,2.58,2.52,26957256.0,68943221.57
2020-01-08,2.55,2.48,2.56,2.47,29617409.0,74392724.24
2020-01-09,2.5,2.52,2.52,2.49,20775727.0,52119513.74
2020-01-10,2.52,2.51,2.53,2.48,14818698.0,37093525.33
2020-01-13,2.51,2.5,2.51,2.48,15440971.0,38467990.3
2020-01-14,2.49,2.52,2.53,2.49,21740589.0,54711893.04
2020-01-15,2.51,2.49,2.52,2.47,13248771.0,32961782.95
2020-01-16,2.49,2.45,2.49,2.44,13308270.0,32801670.0
2020-01-17,2.46,2.43,2.47,2.42,9869756.0,24124748.48
2020-01-20,2.43,2.47,2.47,2.4,11421023.0,27748955.94
2020-01-21,2.45,2.44,2.47,2.43,10425060.0,25499614.84
2020-01-22,2.42,2.42,2.44,2.37,11459532.0,27532828.25
2020-01-23,2.4,2.34,2.41,2.31,16997328.0,40060187.38
2020-02-03,2.11,2.11,2.13,2.11,8444523.0,17840288.0
2020-02-04,1.9,2.01,2.04,1.9,26790071.0,53744121.3
2020-02-05,2.01,2.08,2.11,2.01,17131405.0,35616875.9
2020-02-06,2.1,2.13,2.13,2.08,20552602.0,43400596.9
2020-02-07,2.12,2.13,2.14,2.08,16172650.0,34160710.0
2020-02-10,2.1,2.29,2.31,2.1,36252580.0,81296076.77
2020-02-11,2.3,2.23,2.32,2.22,22898285.0,51442283.0
2020-02-12,2.22,2.25,2.25,2.2,13592482.0,30374611.28
2020-02-13,2.25,2.21,2.25,2.2,13183936.0,29331324.76
2020-02-14,2.2,2.19,2.21,2.17,11125466.0,24444434.22
2020-02-17,2.21,2.27,2.3,2.2,19844589.0,44856492.22
2020-02-18,2.26,2.27,2.3,2.24,17285705.0,39303443.28
2020-02-19,2.29,2.27,2.32,2.26,22473722.0,51529723.62
2020-02-20,2.27,2.29,2.3,2.25,18129067.0,41316896.0
2020-02-21,2.28,2.31,2.33,2.28,19898033.0,45910284.62
2020-02-24,2.3,2.3,2.32,2.25,21165750.0,48348464.54
2020-02-25,2.26,2.26,2.26,2.16,25830188.0,57657105.72
2020-02-26,2.23,2.32,2.36,2.22,38073169.0,87880900.74
2020-02-27,2.33,2.3,2.34,2.28,20659486.0,47675188.62
2020-02-28,2.25,2.2,2.27,2.2,21981111.0,49143538.06
2020-03-02,2.21,2.27,2.28,2.2,16315223.0,36830297.54
2020-03-03,2.29,2.29,2.32,2.26,18004036.0,41311840.16
2020-03-04,2.27,2.36,2.36,2.26,30501481.0,70880548.44
2020-03-05,2.37,2.43,2.49,2.35,44497594.0,107647703.24
2020-03-06,2.38,2.41,2.45,2.37,34128568.0,81933300.1
2020-03-09,2.38,2.32,2.42,2.32,27188535.0,64363329.57
2020-03-10,2.29,2.43,2.43,2.29,32397594.0,76574779.6
2020-03-11,2.44,2.41,2.55,2.41,48632468.0,120576383.25
2020-03-12,2.37,2.44,2.45,2.34,36832830.0,88055368.34
2020-03-13,2.29,2.4,2.41,2.29,29454343.0,69168719.07
2020-03-16,2.42,2.3,2.42,2.29,26364172.0,62074727.4
2020-03-17,2.29,2.24,2.32,2.18,22670316.0,50808348.8
2020-03-18,2.25,2.19,2.27,2.19,15014862.0,33585501.9
2020-03-19,2.18,2.2,2.2,2.14,13826621.0,30042472.65
2020-03-20,2.2,2.22,2.23,2.17,10439094.0,22980087.41
2020-03-23,2.18,2.16,2.21,2.16,9377142.0,20449046.22
2020-03-24,2.18,2.2,2.2,2.16,8437900.0,18456070.0
2020-03-25,2.23,2.42,2.42,2.22,45697721.0,108378238.18
2020-03-26,2.38,2.43,2.51,2.33,80861686.0,195940304.92
2020-03-27,2.39,2.36,2.43,2.33,41226917.0,97968141.23
2020-03-30,2.32,2.42,2.49,2.31,52880491.0,127685758.64
2020-03-31,2.42,2.66,2.66,2.37,110964997.0,286927236.87
2020-04-01,2.69,2.53,2.76,2.5,126216192.0,329286125.05
2020-04-02,2.5,2.47,2.57,2.4,75023236.0,185383421.38
2020-04-03,2.46,2.72,2.72,2.44,116600442.0,307205596.77
2020-04-07,2.82,2.99,2.99,2.75,141158649.0,412833986.7
2020-04-08,3.18,3.29,3.29,3.09,264428256.0,862751133.81
2020-04-09,3.59,3.04,3.62,3.03,311844414.0,1020656612.04
2020-04-10,2.89,2.77,2.94,2.75,199089421.0,564453860.55
2020-04-13,2.7,2.6,2.71,2.57,104306555.0,273741334.41
2020-04-14,2.6,2.7,2.73,2.59,95834005.0,256091477.93
2020-04-15,2.68,2.67,2.73,2.61,76074003.0,202422355.86
2020-04-16,2.64,2.61,2.67,2.6,58943970.0,154383972.19
2020-04-17,2.62,2.57,2.64,2.56,60574232.0,157269115.92
2020-04-20,2.57,2.6,2.64,2.57,48241900.0,125251606.56
2020-04-21,2.6,2.61,2.62,2.51,67182594.0,172740289.03
2020-04-22,2.56,2.79,2.82,2.55,136169318.0,368289610.58
2020-04-23,2.74,2.8,2.98,2.71,155776764.0,440069651.47
2020-04-24,2.75,2.64,2.78,2.61,83745810.0,224140533.25
2020-04-27,2.6,2.61,2.69,2.57,55184715.0,145493901.87
2020-04-28,2.6,2.54,2.61,2.4,62117210.0,156309502.76
2020-04-29,2.52,2.48,2.56,2.45,37694988.0,94185938.27
2020-04-30,2.49,2.53,2.55,2.47,40167509.0,100614978.34
2020-05-06,2.49,2.57,2.58,2.48,37874842.0,96599573.99
2020-05-07,2.55,2.63,2.68,2.53,60945193.0,159755044.21
2020-05-08,2.64,2.61,2.66,2.59,39317696.0,102796903.49
2020-05-11,2.61,2.58,2.64,2.55,33218487.0,86209171.96
2020-05-12,2.57,2.67,2.71,2.56,69177989.0,183096320.3
2020-05-13,2.7,2.69,2.77,2.66,78929111.0,214143738.77
2020-05-14,2.65,2.58,2.66,2.58,46062443.0,120170647.11
2020-05-15,2.59,2.57,2.61,2.56,32171561.0,83193224.67
2020-05-18,2.56,2.65,2.65,2.52,51665743.0,134646459.34
2020-05-19,2.66,2.69,2.71,2.6,60134632.0,160087384.55
2020-05-20,2.66,2.65,2.73,2.64,45498294.0,121869551.1
2020-05-21,2.66,2.57,2.67,2.55,39427679.0,102576804.08
2020-05-22,2.55,2.52,2.6,2.5,32219728.0,82029195.68
2020-05-25,2.52,2.56,2.59,2.5,25166819.0,64023899.2
2020-05-26,2.55,2.56,2.58,2.53,23200217.0,59247499.26
2020-05-27,2.56,2.67,2.68,2.54,70857742.0,186371427.85
2020-05-28,2.66,2.64,2.68,2.57,47184223.0,123914620.33
2020-05-29,2.62,2.66,2.7,2.62,48388252.0,128551697.22
2020-06-01,2.66,2.72,2.72,2.63,63517115.0,170838699.34
2020-06-02,2.72,2.68,2.72,2.66,50035552.0,134472846.21
2020-06-03,2.66,2.66,2.69,2.62,43146029.0,114526904.3
2020-06-04,2.68,2.83,2.91,2.67,140162239.0,394450606.88
2020-06-05,2.8,2.72,2.82,2.7,77062795.0,211488725.32
2020-06-08,2.7,2.65,2.72,2.64,51653222.0,137643624.78
2020-06-09,2.66,2.67,2.67,2.63,28153776.0,74568670.39
2020-06-10,2.65,2.68,2.71,2.64,34019359.0,91166819.8
2020-06-11,2.65,2.61,2.67,2.6,37715699.0,99100690.5
2020-06-12,2.56,2.58,2.6,2.52,27455026.0,70532609.64
2020-06-15,2.53,2.58,2.66,2.51,38841984.0,100982497.0
2020-06-16,2.57,2.62,2.66,2.56,35557984.0,92932166.99
2020-06-17,2.62,2.63,2.64,2.59,26408937.0,69063126.6
2020-06-18,2.61,2.58,2.63,2.57,26552216.0,68899788.0
2020-06-19,2.57,2.57,2.59,2.55,24072292.0,61749366.52
2020-06-22,2.56,2.56,2.57,2.53,19958521.0,50963429.96
2020-06-23,2.56,2.53,2.56,2.52,18083787.0,45903870.9
2020-06-24,2.53,2.49,2.53,2.47,26510479.0,66065852.86
2020-06-29,2.48,2.49,2.52,2.46,17942646.0,44676347.76
2020-06-30,2.49,2.5,2.52,2.49,14786601.0,37004367.0
2020-07-01,2.5,2.54,2.57,2.48,23160743.0,58647322.44
2020-07-02,2.53,2.54,2.55,2.51,23944320.0,60603218.63
2020-07-03,2.54,2.56,2.57,2.53,28131565.0,71932665.48
2020-07-06,2.58,2.66,2.67,2.57,55839384.0,146932462.92
2020-07-07,2.67,2.7,2.77,2.63,78750228.0,212365288.71
2020-07-08,2.67,2.72,2.73,2.66,56426559.0,152510218.4
2020-07-09,2.74,2.79,2.85,2.72,79020725.0,220660767.2
2020-07-10,2.8,2.71,2.81,2.69,58206655.0,160046385.72
2020-07-13,2.71,2.98,2.98,2.71,90306625.0,261216158.55
2020-07-14,3.07,2.94,3.07,2.84,121872999.0,358163172.25
2020-07-15,2.91,2.84,2.98,2.84,73088447.0,212182824.26
2020-07-16,2.84,2.86,2.95,2.77,94724205.0,271904166.3
2020-07-17,2.8,2.73,2.83,2.69,64779245.0,177927791.87
2020-07-20,2.72,2.84,2.85,2.71,45880905.0,127733451.03
2020-07-21,2.83,2.88,2.9,2.77,49599524.0,140540153.58
2020-07-22,2.85,2.83,2.9,2.81,45242142.0,129434086.45
2020-07-23,2.79,2.8,2.82,2.73,36987270.0,102441183.16
2020-07-24,2.79,2.77,2.9,2.75,65091886.0,184671858.63
2020-07-27,2.77,2.92,2.92,2.77,64581544.0,183922759.22
2020-07-28,2.9,3.02,3.06,2.88,104193448.0,310293612.14
2020-07-29,2.96,3.03,3.07,2.95,86320621.0,259799636.41
2020-07-30,3.03,3.05,3.16,2.98,106177016.0,325927214.61
2020-07-31,3.01,3.33,3.36,2.92,183377413.0,583747378.84
2020-08-03,3.21,3.24,3.32,3.18,155100734.0,502941073.42
2020-08-04,3.2,3.09,3.24,3.05,107417747.0,337152062.36
2020-08-05,3.06,3.15,3.17,3.02,63822147.0,198544059.54
2020-08-06,3.12,3.07,3.13,3.02,52096685.0,159707873.35
2020-08-07,3.06,3.04,3.1,2.98,39821400.0,121031077.0
2020-08-10,3.03,3.06,3.07,3.0,29754317.0,90439335.09
2020-08-11,3.06,3.07,3.17,3.02,65837409.0,203781516.43
2020-08-12,3.04,3.15,3.2,3.03,81651142.0,255392657.35
2020-08-13,3.15,3.24,3.28,3.09,91016774.0,291909712.77
2020-08-14,3.22,3.16,3.29,3.13,59204299.0,188002363.32
2020-08-17,3.13,3.19,3.29,3.11,68651549.0,220875333.72
2020-08-18,3.17,3.23,3.28,3.15,74319650.0,239320827.51
2020-08-19,3.21,3.28,3.41,3.17,107595922.0,353986702.15
2020-08-20,3.25,3.1,3.28,3.05,74982589.0,237312090.03
2020-08-21,3.08,3.06,3.13,3.04,42314658.0,130266523.59
2020-08-24,3.06,3.15,3.19,3.03,52642505.0,164621311.66
2020-08-25,3.11,3.02,3.13,3.0,55980703.0,171439822.76
2020-08-26,3.02,2.92,3.05,2.89,47157935.0,138981731.66
2020-08-27,2.94,2.95,2.96,2.92,20503404.0,60240885.76
2020-08-28,2.95,2.97,2.99,2.9,26790177.0,78818980.61
2020-08-31,2.97,2.96,3.01,2.95,24337629.0,72596730.31
2020-09-01,2.94,2.95,2.96,2.9,22551517.0,66070449.22
2020-09-02,2.96,3.0,3.03,2.95,34166616.0,102072687.43
2020-09-03,2.99,2.93,2.99,2.92,19394900.0,57289515.0
2020-09-04,2.9,2.91,2.93,2.87,20095543.0,58354654.84
2020-09-07,2.9,2.84,2.94,2.82,32206774.0,92994099.42
2020-09-08,2.84,2.91,2.92,2.78,36805527.0,104716563.83
2020-09-09,2.91,2.96,3.01,2.87,58807820.0,174475301.92
2020-09-10,2.96,2.85,2.99,2.84,40420972.0,117126441.36
2020-09-11,2.81,2.84,2.85,2.8,19310499.0,54478410.17
2020-09-14,2.85,2.83,2.87,2.81,16071400.0,45610463.0
2020-09-15,2.84,2.83,2.84,2.8,13432636.0,37794325.36
2020-09-16,2.83,2.83,2.87,2.81,14385197.0,40825446.55
2020-09-17,2.84,2.81,2.84,2.79,13399478.0,37654596.62
2020-09-18,2.81,2.85,2.86,2.8,13626101.0,38528354.86
2020-09-21,2.85,2.85,2.87,2.82,11926691.0,33939285.44
2020-09-22,2.84,2.79,2.84,2.77,15086018.0,42379657.22
2020-09-23,2.8,2.79,2.81,2.77,9406872.0,26178232.16
2020-09-24,2.77,2.68,2.79,2.68,17380916.0,47271490.32
2020-09-25,2.69,2.64,2.7,2.62,12137855.0,32153460.1
2020-09-28,2.65,2.63,2.67,2.62,8185671.0,21629874.73
2020-09-29,2.63,2.64,2.66,2.63,7229600.0,19121156.0
2020-09-30,2.64,2.64,2.66,2.62,7669440.0,20248910.04
2020-10-09,2.66,2.7,2.72,2.65,10822778.0,29201158.64
2020-10-12,2.7,2.76,2.77,2.69,12581707.0,34515365.98
2020-10-13,2.76,2.79,2.8,2.74,15353942.0,42665639.14
2020-10-14,2.78,2.78,2.8,2.75,12683360.0,35172795.32
2020-10-15,2.8,2.73,2.81,2.72,10440860.0,28715639.6
2020-10-16,2.74,2.73,2.75,2.71,6112965.0,16670235.8
2020-10-19,2.74,2.72,2.77,2.72,6680300.0,18329437.0
2020-10-20,2.72,2.71,2.73,2.66,11135549.0,29912804.17
2020-10-21,2.71,2.67,2.71,2.65,9053265.0,24174970.9
2020-10-22,2.66,2.65,2.67,2.63,6735058.0,17823314.9
2020-10-23,2.66,2.63,2.68,2.63,6710711.0,17808334.5
2020-10-26,2.63,2.63,2.64,2.6,7273585.0,19017621.65
2020-10-27,2.61,2.6,2.62,2.6,6754800.0,17613842.0
2020-10-28,2.61,2.59,2.62,2.58,8435770.0,21875570.3
2020-10-29,2.58,2.6,2.6,2.55,9547301.0,24579114.32
2020-10-30,2.57,2.5,2.6,2.47,14072707.0,35685494.69
2020-11-02,2.49,2.45,2.5,2.43,14794700.0,36309458.0
2020-11-03,2.46,2.52,2.53,2.45,11452408.0,28619810.02
2020-11-04,2.52,2.49,2.52,2.46,8815150.0,21942400.0
2020-11-05,2.5,2.53,2.54,2.49,11434784.0,28709941.38
2020-11-06,2.53,2.5,2.53,2.49,8966346.0,22444786.0
2020-11-09,2.52,2.6,2.62,2.51,23015590.0,59204341.74
2020-11-10,2.62,2.64,2.69,2.58,29681424.0,78533313.48
2020-11-11,2.62,2.7,2.71,2.6,28338879.0,75696175.21
2020-11-12,2.7,2.87,2.97,2.68,99017392.0,285792235.57
2020-11-13,2.82,2.72,2.83,2.67,66114379.0,180256776.23
2020-11-16,2.72,2.83,2.83,2.69,45832590.0,126933929.45
2020-11-17,2.8,2.77,2.89,2.74,36081170.0,101296599.5
2020-11-18,2.77,2.79,2.85,2.75,26919700.0,75669321.0
2020-11-19,2.83,2.75,2.83,2.73,25400122.0,70276867.3
2020-11-20,2.74,2.76,2.83,2.74,23992236.0,66675524.52
2020-11-23,2.78,2.79,2.81,2.75,22078898.0,61480332.88
2020-11-24,2.79,2.76,2.81,2.75,15422655.0,42761721.8
2020-11-25,2.77,2.69,2.79,2.68,16297275.0,44553347.0
2020-11-26,2.7,2.68,2.74,2.65,14170204.0,38205047.72
2020-11-27,2.68,2.88,2.9,2.67,84468321.0,238995680.94
2020-11-30,2.86,2.87,2.96,2.81,76481752.0,220022856.28
2020-12-01,2.83,2.87,2.92,2.81,43882648.0,126126374.24
2020-12-02,2.85,2.91,2.94,2.8,64578120.0,184964071.08
2020-12-03,2.87,3.04,3.12,2.81,107789242.0,319031543.26
2020-12-04,2.98,2.92,3.02,2.91,65494974.0,192948423.02
2020-12-07,2.92,3.18,3.21,2.89,166548927.0,526341218.71
2020-12-08,3.09,3.0,3.12,2.96,148992165.0,451086321.4
2020-12-09,2.93,3.07,3.2,2.93,126680608.0,390230788.01
2020-12-10,3.02,2.92,3.04,2.9,90253673.0,267281491.79
2020-12-11,2.93,3.08,3.21,2.87,126406011.0,387774093.79
2020-12-14,3.01,3.08,3.1,2.94,88197634.0,267150615.0
2020-12-15,3.03,2.97,3.08,2.94,63136116.0,188698231.24
2020-12-16,2.98,3.0,3.09,2.96,63935215.0,193362870.82
2020-12-17,2.96,3.15,3.26,2.92,116937622.0,359870306.66
2020-12-18,3.09,3.06,3.12,3.02,73858374.0,226088463.16
2020-12-21,3.06,3.07,3.11,3.01,59798317.0,182621906.21
2020-12-22,3.04,3.07,3.19,3.01,110429183.0,342658951.64
2020-12-23,3.01,3.17,3.22,3.01,123862775.0,388097974.43
2020-12-24,3.14,3.09,3.18,3.03,93154880.0,287879097.87
2020-12-25,3.03,2.94,3.06,2.87,89679424.0,265614311.71
2020-12-28,2.95,2.94,3.02,2.9,53064321.0,156405132.34
2020-12-29,2.92,2.76,2.92,2.74,70126071.0,197245366.05
2020-12-30,2.76,2.79,2.85,2.73,38411709.0,107496888.22
2020-12-31,2.79,2.82,2.82,2.76,36680145.0,102510039.75
2021-01-04,2.78,2.88,2.89,2.72,64449351.0,182448706.01
2021-01-05,2.84,2.99,3.07,2.83,106420278.0,318697863.58
2021-01-06,2.96,2.89,3.03,2.88,64837922.0,189565484.03
2021-01-07,2.89,3.03,3.18,2.88,120844967.0,371130140.94
2021-01-08,2.98,2.94,3.02,2.88,76701846.0,224776829.0
2021-01-11,2.92,2.71,2.94,2.71,75581041.0,210354270.8
2021-01-12,2.69,2.73,2.77,2.66,32042105.0,86923877.65
2021-01-13,2.72,2.62,2.72,2.61,36040906.0,95433861.4
2021-01-14,2.6,2.63,2.65,2.57,24081087.0,62629976.0
2021-01-15,2.61,2.66,2.69,2.6,21912953.0,58102260.7
2021-01-18,2.65,2.69,2.73,2.63,23573400.0,63436929.0
2021-01-19,2.68,2.69,2.71,2.65,20125058.0,53874015.6
2021-01-20,2.66,2.66,2.68,2.62,18494126.0,48881728.22
2021-01-21,2.66,2.7,2.74,2.63,31730709.0,85276731.26
2021-01-22,2.67,2.61,2.68,2.6,26050700.0,68432729.0
2021-01-25,2.6,2.55,2.63,2.55,19346830.0,49858192.5
2021-01-26,2.55,2.55,2.6,2.52,14168187.0,36165600.97
2021-01-27,2.54,2.54,2.56,2.52,11839513.0,30028641.11
2021-01-28,2.52,2.51,2.55,2.5,11089322.0,28018310.88
2021-01-29,2.52,2.5,2.53,2.47,15248314.0,38179777.4
2021-02-01,2.5,2.57,2.57,2.46,16605521.0,42034212.82
2021-02-02,2.57,2.57,2.58,2.53,12704534.0,32383845.42
2021-02-03,2.57,2.6,2.66,2.55,24473258.0,64104865.5
2021-02-04,2.56,2.48,2.56,2.46,20295700.0,50764031.0
2021-02-05,2.47,2.46,2.52,2.46,10835000.0,26913387.0
2021-02-08,2.47,2.49,2.51,2.45,9798422.0,24298783.58
2021-02-09,2.5,2.52,2.52,2.47,10402463.0,25953806.13
2021-02-10,2.51,2.51,2.53,2.5,8996537.0,22667293.22
2021-02-18,2.53,2.56,2.56,2.52,12910622.0,32898344.73
2021-02-19,2.56,2.65,2.66,2.54,25445699.0,66829190.65
2021-02-22,2.67,2.69,2.74,2.66,34187974.0,92450037.26
2021-02-23,2.68,2.64,2.68,2.63,18974716.0,50241706.24
2021-02-24,2.63,2.62,2.66,2.6,14445522.0,38006849.3
2021-02-25,2.63,2.61,2.64,2.59,13575802.0,35420880.2
2021-02-26,2.61,2.66,2.69,2.57,29704941.0,78058588.63
2021-03-01,2.63,2.67,2.67,2.63,18790096.0,49842472.36
2021-03-02,2.68,2.64,2.69,2.62,13000944.0,34359187.8
2021-03-03,2.63,2.66,2.67,2.62,15926620.0,42191603.0
2021-03-04,2.64,2.67,2.69,2.63,22388420.0,59582436.2
2021-03-05,2.67,2.71,2.75,2.65,30880831.0,83657450.99
2021-03-08,2.7,2.65,2.71,2.64,22113325.0,59109614.75
2021-03-09,2.64,2.6,2.65,2.53,20697325.0,53709881.99
2021-03-10,2.61,2.58,2.61,2.56,11138300.0,28749409.0
2021-03-11,2.58,2.62,2.62,2.55,13632099.0,35369545.08
2021-03-12,2.61,2.67,2.69,2.6,25640712.0,67839106.08
2021-03-15,2.65,2.66,2.68,2.62,21547703.0,57063976.11
2021-03-16,2.64,2.66,2.66,2.62,18873736.0,49948620.4
2021-03-17,2.67,2.69,2.73,2.65,34996887.0,94458861.54
2021-03-18,2.66,2.66,2.7,2.63,28087732.0,74808286.4
2021-03-19,2.63,2.62,2.66,2.62,18658879.0,49200062.85
